"abu","acum_busd","acum_busd_val","acum_val_bu","acum_val_sd","acum_val","avg_val_bu","avg_val_sd","rbusd","asd","auk","bs","bu","bu-sd","bu-sd_val","c","date","datetime","h","l","o","pbu","psd","puk","rbu","rsd","ruk","sb","sd","sum_vol","total_vol","uk","val","val_bu","val_sd","val_uk"
21778.3,71000,2463890000,4563285000,2099395000,9726690000,762366630.4,753551413,279.5,21569.6,4793.5,2.2,131900,71000,2463890000,34800,"2023-02-21T09:15:00.000Z",1676970900000,34800,34100,34700,46.9,21.7,31.4,6.1,2.8,18.4,0.5,60900,281100,281100,88300,9726690000,4563285000,2099395000,3064010000
21778.3,114000,3987985000,7492480000,3504495000,14067995000,762366630.4,753551413,172.9,21569.6,4793.5,2.1,83100,43000,1524095000,35450,"2023-02-21T09:20:00.000Z",1676971200000,35500,34800,34850,67.3,32.5,0.2,3.8,1.9,0,0.5,40100,123400,404500,200,4341305000,2929195000,1405100000,7010000
21778.3,89000,3113435000,8373865000,5260430000,16705315000,762366630.4,753551413,-99.2,21569.6,4793.5,0.5,25000,-25000,-874550000,35100,"2023-02-21T09:25:00.000Z",1676971500000,35450,34950,35450,33.3,66.7,0,1.1,2.3,,2,50000,75000,479500,,2637320000,881385000,1755935000,
21778.3,91300,3194260000,9084565000,5890305000,18045890000,762366630.4,753551413,9.2,21569.6,4793.5,1.1,20300,2300,80825000,35000,"2023-02-21T09:30:00.000Z",1676971800000,35100,34950,35000,53,47,0,0.9,0.8,,0.9,18000,38300,517800,,1340575000,710700000,629875000,
21778.3,105600,3696375000,10390080000,6693705000,20154805000,762366630.4,753551413,57,21569.6,4793.5,1.6,37300,14300,502115000,35150,"2023-02-21T09:35:00.000Z",1676972100000,35150,34900,34950,61.9,38.1,0,1.7,1.1,,0.6,23000,60300,578100,,2108915000,1305515000,803400000,
21778.3,176600,6212265000,13486910000,7274645000,23832575000,762366630.4,753551413,285.4,21569.6,4793.5,5.3,87400,71000,2515890000,35450,"2023-02-21T09:40:00.000Z",1676972400000,35500,35200,35200,84.2,15.8,0,4,0.8,,0.2,16400,103800,681900,,3677770000,3096830000,580940000,
21778.3,170300,5989940000,13784445000,7794505000,24649970000,762366630.4,753551413,-25.2,21569.6,4793.5,0.6,8400,-6300,-222325000,35300,"2023-02-21T09:45:00.000Z",1676972700000,35500,35300,35450,36.4,63.6,0,0.4,0.7,,1.8,14700,23100,705000,,817395000,297535000,519860000,
21778.3,167200,5881605000,13950225000,8068620000,25089865000,762366630.4,753551413,-12.3,21569.6,4793.5,0.6,4700,-3100,-108335000,35100,"2023-02-21T09:50:00.000Z",1676973000000,35350,35000,35300,37.6,62.4,0,0.2,0.4,,1.7,7800,12500,717500,,439895000,165780000,274115000,
21778.3,187200,6584000000,15112265000,8528265000,26711550000,762366630.4,753551413,79.7,21569.6,4793.5,2.5,33100,20000,702395000,35100,"2023-02-21T09:55:00.000Z",1676973300000,35150,35000,35100,71.6,28.4,0,1.5,0.6,,0.4,13100,46200,763700,,1621685000,1162040000,459645000,
21778.3,179700,6321505000,15653405000,9331900000,28056325000,762366630.4,753551413,-29.8,21569.6,4793.5,0.7,15400,-7500,-262495000,35150,"2023-02-21T10:00:00.000Z",1676973600000,35150,35050,35100,40.2,59.8,0,0.7,1.1,,1.5,22900,38300,802000,,1344775000,541140000,803635000,
21778.3,178100,6265390000,15723755000,9458365000,28253140000,762366630.4,753551413,-6.4,21569.6,4793.5,0.6,2000,-1600,-56115000,35100,"2023-02-21T10:05:00.000Z",1676973900000,35200,35100,35100,35.7,64.3,0,0.1,0.2,,1.8,3600,5600,807600,,196815000,70350000,126465000,
21778.3,171700,6041125000,16004905000,9963780000,29039705000,762366630.4,753551413,-25.4,21569.6,4793.5,0.6,8000,-6400,-224265000,35050,"2023-02-21T10:10:00.000Z",1676974200000,35150,35050,35150,35.7,64.3,0,0.4,0.7,,1.8,14400,22400,830000,,786565000,281150000,505415000,
21778.3,162700,5725790000,16201535000,10475745000,29748300000,762366630.4,753551413,-35.8,21569.6,4793.5,0.4,5600,-9000,-315335000,35150,"2023-02-21T10:15:00.000Z",1676974500000,35150,35050,35050,27.7,72.3,0,0.3,0.7,,2.6,14600,20200,850200,,708595000,196630000,511965000,
21778.3,165600,5827820000,16391315000,10563495000,30025830000,762366630.4,753551413,11.6,21569.6,4793.5,2.2,5400,2900,102030000,35100,"2023-02-21T10:20:00.000Z",1676974800000,35150,35100,35100,68.4,31.6,0,0.2,0.1,,0.5,2500,7900,858100,,277530000,189780000,87750000,
21778.3,156200,5498785000,16907695000,11408910000,31387625000,762366630.4,753551413,-37.3,21569.6,4793.5,0.6,14700,-9400,-329035000,35150,"2023-02-21T10:25:00.000Z",1676975100000,35150,35000,35100,37.9,62.1,0,0.7,1.1,,1.6,24100,38800,896900,,1361795000,516380000,845415000,
21778.3,155800,5485015000,17192700000,11707685000,31971405000,762366630.4,753551413,-1.6,21569.6,4793.5,1,8100,-400,-13770000,35150,"2023-02-21T10:30:00.000Z",1676975400000,35200,35150,35150,48.8,51.2,0,0.4,0.4,,1,8500,16600,913500,,583780000,285005000,298775000,
21778.3,99200,3501705000,17199740000,13698035000,33968795000,762366630.4,753551413,-225,21569.6,4793.5,0,200,-56600,-1983310000,35000,"2023-02-21T10:35:00.000Z",1676975700000,35200,35000,35150,0.4,99.6,0,0,2.6,,284,56800,57000,970500,,1997390000,7040000,1990350000,
21778.3,71200,2523415000,17440760000,14917345000,35439610000,762366630.4,753551413,-111,21569.6,4793.5,0.2,6900,-28000,-978290000,34900,"2023-02-21T10:40:00.000Z",1676976000000,35000,34900,35000,16.4,82.9,0.7,0.3,1.6,0.1,5.1,34900,42100,1012600,300,1470815000,241020000,1219310000,10485000
21778.3,55700,1982925000,17510580000,15527655000,36119740000,762366630.4,753551413,-61.3,21569.6,4793.5,0.1,2000,-15500,-540490000,34900,"2023-02-21T10:45:00.000Z",1676976300000,35000,34850,35000,10.3,89.7,0,0.1,0.8,,8.8,17500,19500,1032100,,680130000,69820000,610310000,
21778.3,52400,1867955000,17692320000,15824365000,36598190000,762366630.4,753551413,-13,21569.6,4793.5,0.6,5200,-3300,-114970000,34900,"2023-02-21T10:50:00.000Z",1676976600000,34950,34900,34900,38,62,0,0.2,0.4,,1.6,8500,13700,1045800,,478450000,181740000,296710000,
21778.3,44100,1578695000,17870510000,16291815000,37243830000,762366630.4,753551413,-32.8,21569.6,4793.5,0.4,5100,-8300,-289260000,34950,"2023-02-21T10:55:00.000Z",1676976900000,34950,34850,34900,27.6,72.4,0,0.2,0.6,,2.6,13400,18500,1064300,,645640000,178190000,467450000,
21778.3,20700,764635000,18354435000,17589800000,39043140000,762366630.4,753551413,-92.3,21569.6,4793.5,0.4,13900,-23400,-814060000,34700,"2023-02-21T11:00:00.000Z",1676977200000,34850,34700,34850,26.9,72.1,1,0.6,1.7,0.1,2.7,37300,51700,1116000,500,1799310000,483925000,1297985000,17400000
21778.3,18800,700170000,18845855000,18145685000,40107870000,762366630.4,753551413,-7.3,21569.6,4793.5,0.9,14100,-1900,-64465000,34850,"2023-02-21T11:05:00.000Z",1676977500000,34900,34700,34750,46.1,52.3,1.6,0.6,0.7,0.1,1.1,16000,30600,1146600,500,1064730000,491420000,555885000,17425000
21778.3,37200,1345100000,19881275000,18536175000,41645620000,762366630.4,753551413,73.2,21569.6,4793.5,2.6,29600,18400,644930000,34900,"2023-02-21T11:10:00.000Z",1676977800000,35000,34850,34850,67.3,25.5,7.3,1.4,0.5,0.7,0.4,11200,44000,1190600,3200,1537750000,1035420000,390490000,111840000
21778.3,13700,524890000,20272215000,19747325000,43247710000,762366630.4,753551413,-93,21569.6,4793.5,0.3,11200,-23500,-820210000,34900,"2023-02-21T11:15:00.000Z",1676978100000,34950,34850,34900,24.4,75.6,0,0.5,1.6,,3.1,34700,45900,1236500,,1602090000,390940000,1211150000,
21778.3,-7900,-228190000,20366525000,20594715000,44189410000,762366630.4,753551413,-85.4,21569.6,4793.5,0.1,2700,-21600,-753080000,34850,"2023-02-21T11:20:00.000Z",1676978400000,34950,34850,34900,10,90,0,0.1,1.1,,9,24300,27000,1263500,,941700000,94310000,847390000,
21778.3,-24800,-815690000,20627600000,21443290000,45299060000,762366630.4,753551413,-66.6,21569.6,4793.5,0.3,7500,-16900,-587500000,34700,"2023-02-21T11:25:00.000Z",1676978700000,34850,34700,34850,23.5,76.5,0,0.3,1.1,,3.3,24400,31900,1295400,,1109650000,261075000,848575000,
21778.3,-5500,-142345000,22564180000,22706525000,48624120000,762366630.4,753551413,76.4,21569.6,4793.5,1.5,55600,19300,673345000,34950,"2023-02-21T13:00:00.000Z",1676984400000,34950,34700,34750,58.2,38,3.8,2.6,1.7,0.8,0.7,36300,95500,1390900,3600,3325060000,1936580000,1263235000,125245000
21778.3,-4900,-122760000,24242295000,24365055000,51960765000,762366630.4,753551413,2.2,21569.6,4793.5,1,47900,600,19585000,35000,"2023-02-21T13:05:00.000Z",1676984700000,35200,34700,35000,50.3,49.7,0,2.2,2.2,,1,47300,95200,1486100,,3336645000,1678115000,1658530000,
21778.3,1300,94400000,24497920000,24403520000,52254855000,762366630.4,753551413,24.6,21569.6,4793.5,6.6,7300,6200,217160000,35050,"2023-02-21T13:10:00.000Z",1676985000000,35050,34950,34950,86.9,13.1,0,0.3,0.1,,0.2,1100,8400,1494500,,294090000,255625000,38465000,
21778.3,6300,269595000,25229660000,24960065000,53543140000,762366630.4,753551413,19.9,21569.6,4793.5,1.3,20900,5000,175195000,35000,"2023-02-21T13:15:00.000Z",1676985300000,35050,35000,35050,56.8,43.2,0,1,0.7,,0.8,15900,36800,1531300,,1288285000,731740000,556545000,
21778.3,-10100,-302735000,25459685000,25762420000,54575520000,762366630.4,753551413,-64.9,21569.6,4793.5,0.3,6600,-16400,-572330000,34800,"2023-02-21T13:20:00.000Z",1676985600000,35000,34800,35000,22.3,77.7,0,0.3,1.1,,3.5,23000,29600,1560900,,1032380000,230025000,802355000,
21778.3,-33200,-1106155000,25783625000,26889780000,56026820000,762366630.4,753551413,-91.1,21569.6,4793.5,0.3,9300,-23100,-803420000,34800,"2023-02-21T13:25:00.000Z",1676985900000,34850,34750,34850,22.3,77.7,0,0.4,1.5,,3.5,32400,41700,1602600,,1451300000,323940000,1127360000,
21778.3,35500,1286470000,28429960000,27143490000,58926865000,762366630.4,753551413,271.4,21569.6,4793.5,10.4,76000,68700,2392625000,35050,"2023-02-21T13:30:00.000Z",1676986200000,35050,34700,34750,91.2,8.8,0,3.5,0.3,,0.1,7300,83300,1685900,,2900045000,2646335000,253710000,
21778.3,83500,2975955000,30368880000,27392925000,61115220000,762366630.4,753551413,191.7,21569.6,4793.5,7.8,55100,48000,1689485000,35250,"2023-02-21T13:35:00.000Z",1676986500000,35250,35100,35100,88.6,11.4,0,2.5,0.3,,0.1,7100,62200,1748100,,2188355000,1938920000,249435000,
21778.3,90700,3230210000,31090855000,27860645000,62304915000,762366630.4,753551413,28.8,21569.6,4793.5,1.5,20500,7200,254255000,35200,"2023-02-21T13:40:00.000Z",1676986800000,35250,35100,35250,60.7,39.3,0,0.9,0.6,,0.6,13300,33800,1781900,,1189695000,721975000,467720000,
21778.3,67900,2430275000,31168070000,28737795000,63259280000,762366630.4,753551413,-90.7,21569.6,4793.5,0.1,2200,-22800,-799935000,35000,"2023-02-21T13:45:00.000Z",1676987100000,35200,35000,35200,8.1,91.9,0,0.1,1.2,,11.4,25000,27200,1809100,,954365000,77215000,877150000,
21778.3,83500,2976445000,31959180000,28982735000,64295330000,762366630.4,753551413,62,21569.6,4793.5,3.2,22600,15600,546170000,35050,"2023-02-21T13:50:00.000Z",1676987400000,35050,34900,35000,76.4,23.6,0,1,0.3,,0.3,7000,29600,1838700,,1036050000,791110000,244940000,
21778.3,89200,3176940000,32509795000,29332855000,65196065000,762366630.4,753551413,22.7,21569.6,4793.5,1.6,15700,5700,200495000,35000,"2023-02-21T13:55:00.000Z",1676987700000,35100,35000,35050,61.1,38.9,0,0.7,0.5,,0.6,10000,25700,1864400,,900735000,550615000,350120000,
21778.3,99100,3523725000,33101295000,29577570000,66032280000,762366630.4,753551413,39.3,21569.6,4793.5,2.4,16900,9900,346785000,34950,"2023-02-21T14:00:00.000Z",1676988000000,35000,34950,35000,70.7,29.3,0,0.8,0.3,,0.4,7000,23900,1888300,,836215000,591500000,244715000,
21778.3,101700,3615160000,33496795000,29881635000,66731845000,762366630.4,753551413,10.4,21569.6,4793.5,1.3,11300,2600,91435000,34950,"2023-02-21T14:05:00.000Z",1676988300000,35000,34950,34950,56.5,43.5,0,0.5,0.4,,0.8,8700,20000,1908300,,699565000,395500000,304065000,
21778.3,50000,1810740000,33521245000,31710505000,68585165000,762366630.4,753551413,-204.7,21569.6,4793.5,0,700,-51700,-1804420000,34850,"2023-02-21T14:10:00.000Z",1676988600000,35000,34850,34950,1.3,98.7,0,0,2.4,,74.9,52400,53100,1961400,,1853320000,24450000,1828870000,
21778.3,32400,1198520000,34057440000,32858920000,70318635000,762366630.4,753551413,-69.5,21569.6,4793.5,0.5,15400,-17600,-612220000,34750,"2023-02-21T14:15:00.000Z",1676988900000,34900,34750,34850,30.9,66.3,2.8,0.7,1.5,0.3,2.1,33000,49800,2011200,1400,1733470000,536195000,1148415000,48860000
21778.3,25300,951645000,34440835000,33489190000,71332300000,762366630.4,753551413,-28,21569.6,4793.5,0.6,11000,-7100,-246875000,34800,"2023-02-21T14:20:00.000Z",1676989200000,34900,34800,34800,37.8,62.2,0,0.5,0.8,,1.6,18100,29100,2040300,,1013665000,383395000,630270000,
21778.3,9600,405500000,35068865000,34663365000,73134505000,762366630.4,753551413,-62,21569.6,4793.5,0.5,18000,-15700,-546145000,34800,"2023-02-21T14:25:00.000Z",1676989500000,34950,34800,34850,34.8,65.2,0,0.8,1.6,,1.9,33700,51700,2092000,,1802205000,628030000,1174175000,
21778.3,9600,405500000,35068865000,34663365000,77422005000,762366630.4,753551413,0,21569.6,4793.5,NaN,,0,0,35000,"2023-02-21T14:45:00.000Z",1676990700000,35000,35000,35000,0,0,100,,,25.6,NaN,,122500,2214500,122500,4287500000,,,4287500000
