"abu","acum_busd","acum_busd_val","acum_val_bu","acum_val_sd","acum_val","avg_val_bu","avg_val_sd","rbusd","asd","auk","bs","bu","bu-sd","bu-sd_val","c","date","datetime","h","l","o","pbu","psd","puk","rbu","rsd","ruk","sb","sd","sum_vol","total_vol","uk","val","val_bu","val_sd","val_uk"
15547.8,9700,407440000,1174990000,767550000,2235130000,651817065.2,658311413,-62.7,15726.1,1360.9,1.5,28200,9700,407440000,41850,"2023-02-21T09:15:00.000Z",1676970900000,41850,41300,41800,52.5,34.5,13,1.8,1.2,5.1,0.7,18500,53700,53700,7000,2235130000,1174990000,767550000,292590000
15547.8,15800,666000000,2496365000,1830365000,4652800000,651817065.2,658311413,-39.8,15726.1,1360.9,1.2,31500,6100,258560000,42000,"2023-02-21T09:20:00.000Z",1676971200000,42000,41500,41850,54.6,44,1.4,2,1.6,0.6,0.8,25400,57700,111400,800,2417670000,1321375000,1062815000,33480000
15547.8,-8200,-338280000,3063205000,3401485000,6811760000,651817065.2,658311413,154.6,15726.1,1360.9,0.4,13500,-24000,-1004280000,41900,"2023-02-21T09:25:00.000Z",1676971500000,42050,41800,42000,26.2,72.8,1,0.9,2.4,0.4,2.8,37500,51500,162900,500,2158960000,566840000,1571120000,21000000
15547.8,-38200,-1591735000,3176060000,4767795000,8290925000,651817065.2,658311413,193,15726.1,1360.9,0.1,2700,-30000,-1253455000,41700,"2023-02-21T09:30:00.000Z",1676971800000,41850,41700,41850,7.6,92.4,0,0.2,2.1,,12.1,32700,35400,198300,,1479165000,112855000,1366310000,
15547.8,-40600,-1690110000,3847320000,5537430000,9731820000,651817065.2,658311413,15.1,15726.1,1360.9,0.9,16100,-2400,-98375000,41750,"2023-02-21T09:35:00.000Z",1676972100000,41750,41500,41700,46.5,53.5,0,1,1.2,,1.1,18500,34600,232900,,1440895000,671260000,769635000,
15547.8,-39500,-1644080000,4219310000,5863390000,10429770000,651817065.2,658311413,-7.1,15726.1,1360.9,1.1,8900,1100,46030000,41750,"2023-02-21T09:40:00.000Z",1676972400000,41850,41750,41750,53.3,46.7,0,0.6,0.5,,0.9,7800,16700,249600,,697950000,371990000,325960000,
15547.8,-23100,-957370000,4977165000,5934535000,11258770000,651817065.2,658311413,-105.7,15726.1,1360.9,10.6,18100,16400,686710000,41900,"2023-02-21T09:45:00.000Z",1676972700000,41900,41750,41800,91.4,8.6,0,1.2,0.1,,0.1,1700,19800,269400,,829000000,757855000,71145000,
15547.8,-32800,-1362950000,5056770000,6419720000,11823560000,651817065.2,658311413,62.5,15726.1,1360.9,0.2,1900,-9700,-405580000,41800,"2023-02-21T09:50:00.000Z",1676973000000,41950,41800,41900,14.1,85.9,0,0.1,0.7,,6.1,11600,13500,282900,,564790000,79605000,485185000,
15547.8,-32000,-1329435000,5345780000,6675215000,12368065000,651817065.2,658311413,-5.2,15726.1,1360.9,1.1,6900,800,33515000,41900,"2023-02-21T09:55:00.000Z",1676973300000,41900,41850,41850,53.1,46.9,0,0.4,0.4,,0.9,6100,13000,295900,,544505000,289010000,255495000,
15547.8,58900,2496050000,9882440000,7386390000,17615900000,651817065.2,658311413,-589,15726.1,1360.9,6.4,107800,90900,3825485000,42300,"2023-02-21T10:00:00.000Z",1676973600000,42350,41900,41900,86.4,13.6,0,6.9,1.1,,0.2,16900,124700,420600,,5247835000,4536660000,711175000,
15547.8,68200,2889550000,10533955000,7644405000,18525430000,651817065.2,658311413,-60.6,15726.1,1360.9,2.5,15400,9300,393500000,42300,"2023-02-21T10:05:00.000Z",1676973900000,42350,42250,42300,71.6,28.4,0,1,0.4,,0.4,6100,21500,442100,,909530000,651515000,258015000,
15547.8,69200,2932580000,11134705000,8202125000,19683900000,651817065.2,658311413,-6.6,15726.1,1360.9,1.1,14200,1000,43030000,42250,"2023-02-21T10:10:00.000Z",1676974200000,42350,42200,42300,51.8,48.2,0,0.9,0.8,,0.9,13200,27400,469500,,1158470000,600750000,557720000,
15547.8,69200,2932820000,11291065000,8358245000,19996380000,651817065.2,658311413,0,15726.1,1360.9,1,3700,0,240000,42150,"2023-02-21T10:15:00.000Z",1676974500000,42300,42100,42250,50,50,0,0.2,0.2,,1,3700,7400,476900,,312480000,156360000,156120000,
15547.8,54900,2331545000,11780610000,9449065000,21585185000,651817065.2,658311413,92.6,15726.1,1360.9,0.4,11600,-14300,-601275000,42050,"2023-02-21T10:20:00.000Z",1676974800000,42250,42050,42150,30.8,68.7,0.5,0.7,1.6,0.1,2.2,25900,37700,514600,200,1588805000,489545000,1090820000,8440000
15547.8,33200,1418735000,11801700000,10382965000,22540175000,651817065.2,658311413,140.6,15726.1,1360.9,0,500,-21700,-912810000,42050,"2023-02-21T10:25:00.000Z",1676975100000,42200,42000,42100,2.2,97.8,0,0,1.4,,44.4,22200,22700,537300,,954990000,21090000,933900000,
15547.8,32100,1372500000,11818560000,10446060000,22620130000,651817065.2,658311413,7.1,15726.1,1360.9,0.3,400,-1100,-46235000,42100,"2023-02-21T10:30:00.000Z",1676975400000,42150,42050,42050,21.1,78.9,0,0,0.1,,3.8,1500,1900,539200,,79955000,16860000,63095000,
15547.8,25000,1073850000,11843830000,10769980000,22969320000,651817065.2,658311413,46,15726.1,1360.9,0.1,600,-7100,-298650000,42100,"2023-02-21T10:35:00.000Z",1676975700000,42150,42050,42100,7.2,92.8,0,0,0.5,,12.8,7700,8300,547500,,349190000,25270000,323920000,
15547.8,1400,81850000,11852230000,11770380000,23978120000,651817065.2,658311413,152.7,15726.1,1360.9,0,200,-23600,-992000000,41950,"2023-02-21T10:40:00.000Z",1676976000000,42100,41950,42100,0.8,99.2,0,0,1.5,,119,23800,24000,571500,,1008800000,8400000,1000400000,
15547.8,21000,904870000,12880610000,11975740000,25211860000,651817065.2,658311413,-126.7,15726.1,1360.9,5,24500,19600,823020000,42000,"2023-02-21T10:45:00.000Z",1676976300000,42000,41900,42000,83.3,16.7,0,1.6,0.3,,0.2,4900,29400,600900,,1233740000,1028380000,205360000,
15547.8,25600,1098370000,13137170000,12038800000,25531480000,651817065.2,658311413,-29.8,15726.1,1360.9,4.1,6100,4600,193500000,42050,"2023-02-21T10:50:00.000Z",1676976600000,42100,42000,42050,80.3,19.7,0,0.4,0.1,,0.2,1500,7600,608500,,319620000,256560000,63060000,
15547.8,2400,123825000,13153970000,13030145000,26539625000,651817065.2,658311413,150.1,15726.1,1360.9,0,400,-23200,-974545000,42000,"2023-02-21T10:55:00.000Z",1676976900000,42050,41950,42050,1.7,98.3,0,0,1.5,,59,23600,24000,632500,,1008145000,16800000,991345000,
15547.8,-12800,-513660000,13309300000,13822960000,27487770000,651817065.2,658311413,98.2,15726.1,1360.9,0.2,3700,-15200,-637485000,41950,"2023-02-21T11:00:00.000Z",1676977200000,42000,41900,41950,16.4,83.6,0,0.2,1.2,,5.1,18900,22600,655100,,948145000,155330000,792815000,
15547.8,-44300,-1832855000,13384720000,15217575000,28957805000,651817065.2,658311413,203.1,15726.1,1360.9,0.1,1800,-31500,-1319195000,41800,"2023-02-21T11:05:00.000Z",1676977500000,41900,41800,41900,5.1,94.9,0,0.1,2.1,,18.5,33300,35100,690200,,1470035000,75420000,1394615000,
15547.8,-40100,-1656755000,13602670000,15259425000,29217605000,651817065.2,658311413,-27.1,15726.1,1360.9,5.2,5200,4200,176100000,41950,"2023-02-21T11:10:00.000Z",1676977800000,41950,41850,41900,83.9,16.1,0,0.3,0.1,,0.2,1000,6200,696400,,259800000,217950000,41850000,
15547.8,-54700,-2266920000,13669790000,15936710000,29962010000,651817065.2,658311413,94,15726.1,1360.9,0.1,1600,-14600,-610165000,41750,"2023-02-21T11:15:00.000Z",1676978100000,41950,41750,41950,9,91,0,0.1,1,,10.1,16200,17800,714200,,744405000,67120000,677285000,
15547.8,-64500,-2675320000,13978200000,16653520000,30987230000,651817065.2,658311413,62.9,15726.1,1360.9,0.4,7400,-9800,-408400000,41700,"2023-02-21T11:20:00.000Z",1676978400000,41800,41650,41800,30.1,69.9,0,0.5,1.1,,2.3,17200,24600,738800,,1025220000,308410000,716810000,
15547.8,-60700,-2516405000,14757860000,17274265000,32391800000,651817065.2,658311413,-24.5,15726.1,1360.9,1.3,18700,3800,158915000,41700,"2023-02-21T11:25:00.000Z",1676978700000,41700,41650,41700,55.5,44.2,0.3,1.2,0.9,0.1,0.8,14900,33700,772500,100,1404570000,779660000,620745000,4165000
15547.8,-88100,-3649550000,16645820000,20295370000,37334225000,651817065.2,658311413,174.5,15726.1,1360.9,0.6,45300,-27400,-1133145000,41500,"2023-02-21T13:00:00.000Z",1676984400000,41750,41500,41700,38.1,61.2,0.7,2.9,4.6,0.6,1.6,72700,118800,891300,800,4942425000,1887960000,3021105000,33360000
15547.8,-23900,-966640000,19767860000,20734500000,40895395000,651817065.2,658311413,-413.1,15726.1,1360.9,7.1,74700,64200,2682910000,41900,"2023-02-21T13:05:00.000Z",1676984700000,42000,41450,41450,87.7,12.3,0,4.8,0.7,,0.1,10500,85200,976500,,3561170000,3122040000,439130000,
15547.8,-8800,-331090000,21341960000,21673050000,43408045000,651817065.2,658311413,-97.9,15726.1,1360.9,1.7,37500,15100,635550000,41800,"2023-02-21T13:10:00.000Z",1676985000000,42000,41800,41900,62.6,37.4,0,2.4,1.4,,0.6,22400,59900,1036400,,2512650000,1574100000,938550000,
15547.8,-6500,-234165000,21873205000,22107370000,44373610000,651817065.2,658311413,-14.9,15726.1,1360.9,1.2,12700,2300,96925000,41850,"2023-02-21T13:15:00.000Z",1676985300000,41850,41750,41800,55,45,0,0.8,0.7,,0.8,10400,23100,1059500,,965565000,531245000,434320000,
15547.8,5800,280580000,23032165000,22751585000,46176785000,651817065.2,658311413,-79.3,15726.1,1360.9,1.8,27700,12300,514745000,41800,"2023-02-21T13:20:00.000Z",1676985600000,41900,41750,41850,64.3,35.7,0,1.8,1,,0.6,15400,43100,1102600,,1803175000,1158960000,644215000,
15547.8,26000,1126345000,23940580000,22814235000,47147850000,651817065.2,658311413,-130.2,15726.1,1360.9,14.5,21700,20200,845765000,42000,"2023-02-21T13:25:00.000Z",1676985900000,42000,41750,41800,93.5,6.5,0,1.4,0.1,,0.1,1500,23200,1125800,,971065000,908415000,62650000,
15547.8,25800,1118390000,24074795000,22956405000,47424235000,651817065.2,658311413,1.2,15726.1,1360.9,0.9,3200,-200,-7955000,42000,"2023-02-21T13:30:00.000Z",1676986200000,42000,41800,41850,48.5,51.5,0,0.2,0.2,,1.1,3400,6600,1132400,,276385000,134215000,142170000,
15547.8,26700,1157640000,24768115000,23610475000,48771625000,651817065.2,658311413,-6,15726.1,1360.9,1.1,16500,900,39250000,42050,"2023-02-21T13:35:00.000Z",1676986500000,42100,41900,42000,51.4,48.6,0,1.1,1,,0.9,15600,32100,1164500,,1347390000,693320000,654070000,
15547.8,21100,922470000,25029135000,24106665000,49528835000,651817065.2,658311413,36.2,15726.1,1360.9,0.5,6200,-5600,-235170000,42050,"2023-02-21T13:40:00.000Z",1676986800000,42100,42050,42100,34.4,65.6,0,0.4,0.8,,1.9,11800,18000,1182500,,757210000,261020000,496190000,
15547.8,-6300,-228480000,25067005000,25295485000,50755525000,651817065.2,658311413,177.2,15726.1,1360.9,0,900,-27400,-1150950000,41950,"2023-02-21T13:45:00.000Z",1676987100000,42100,41950,42050,3.1,96.9,0,0.1,1.8,,31.4,28300,29200,1211700,,1226690000,37870000,1188820000,
15547.8,-4300,-144670000,25217860000,25362530000,50973425000,651817065.2,658311413,-12.9,15726.1,1360.9,2.3,3600,2000,83810000,41900,"2023-02-21T13:50:00.000Z",1676987400000,41950,41900,41950,69.2,30.8,0,0.2,0.1,,0.4,1600,5200,1216900,,217900000,150855000,67045000,
15547.8,11100,500915000,25876000000,25375085000,51644120000,651817065.2,658311413,-99.4,15726.1,1360.9,52.3,15700,15400,645585000,41950,"2023-02-21T13:55:00.000Z",1676987700000,41950,41850,41900,98.1,1.9,0,1,0,,0,300,16000,1232900,,670695000,658140000,12555000,
15547.8,23700,1030480000,26648585000,25618105000,52663920000,651817065.2,658311413,-81.5,15726.1,1360.9,3.2,18400,12600,529565000,42000,"2023-02-21T14:00:00.000Z",1676988000000,42000,41900,41950,75.7,23.9,0.4,1.2,0.4,0.1,0.3,5800,24300,1257200,100,1019800000,772585000,243020000,4195000
15547.8,45800,1959035000,27874985000,25915950000,54188165000,651817065.2,658311413,-143,15726.1,1360.9,4.1,29200,22100,928555000,42000,"2023-02-21T14:05:00.000Z",1676988300000,42000,41950,42000,80.4,19.6,0,1.9,0.5,,0.2,7100,36300,1293500,,1524245000,1226400000,297845000,
15547.8,48800,2085075000,28559615000,26474540000,55431385000,651817065.2,658311413,-19.4,15726.1,1360.9,1.2,16300,3000,126040000,42000,"2023-02-21T14:10:00.000Z",1676988600000,42050,41950,42000,55.1,44.9,0,1,0.8,,0.8,13300,29600,1323100,,1243220000,684630000,558590000,
15547.8,-21900,-873310000,28961345000,29834655000,59193230000,651817065.2,658311413,455.5,15726.1,1360.9,0.1,9600,-70700,-2958385000,41750,"2023-02-21T14:15:00.000Z",1676988900000,41950,41750,41950,10.7,89.3,0,0.6,5.1,,8.4,80300,89900,1413000,,3761845000,401730000,3360115000,
15547.8,-15600,-609815000,29484175000,30093990000,59975395000,651817065.2,658311413,-40.6,15726.1,1360.9,2,12500,6300,263495000,41850,"2023-02-21T14:20:00.000Z",1676989200000,41850,41750,41800,66.8,33.2,0,0.8,0.4,,0.5,6200,18700,1431700,,782165000,522830000,259335000,
15547.8,-8200,-298740000,29983585000,30282325000,60663140000,651817065.2,658311413,-47.9,15726.1,1360.9,2.6,11900,7400,311075000,41850,"2023-02-21T14:25:00.000Z",1676989500000,42000,41850,41850,72.6,27.4,0,0.8,0.3,,0.4,4500,16400,1448100,,687745000,499410000,188335000,
15547.8,-8200,-298740000,29983585000,30282325000,62882720000,651817065.2,658311413,0,15726.1,1360.9,NaN,,0,0,41800,"2023-02-21T14:45:00.000Z",1676990700000,41800,41800,41800,0,0,100,,,39,NaN,,53100,1501200,53100,2219580000,,,2219580000
