"abu","acum_busd","acum_busd_val","acum_val_bu","acum_val_sd","acum_val","avg_val_bu","avg_val_sd","rbusd","asd","auk","bs","bu","bu-sd","bu-sd_val","c","date","datetime","h","l","o","pbu","psd","puk","rbu","rsd","ruk","sb","sd","sum_vol","total_vol","uk","val","val_bu","val_sd","val_uk"
63382.6,-84700,-394775000,1141554000,1536329000,2677883000,302965434.8,540819434.8,1.7,113258.7,11115.2,0.7,237800,-84700,-394775000,4800,"2023-02-21T09:15:00.000Z",1676970900000,4810,4750,4750,42.4,57.6,0,3.8,2.8,,1.4,322500,560300,560300,,2677883000,1141554000,1536329000,
63382.6,-53000,-241326000,1639680000,1881006000,3521168000,302965434.8,540819434.8,-0.6,113258.7,11115.2,1.4,103000,31700,153449000,4850,"2023-02-21T09:20:00.000Z",1676971200000,4850,4820,4820,59.1,40.9,0.1,1.6,0.6,0,0.7,71300,174400,734700,100,843285000,498126000,344677000,482000
63382.6,-86200,-403743000,2554983000,2958726000,5514191000,302965434.8,540819434.8,0.7,113258.7,11115.2,0.8,187900,-33200,-162417000,4870,"2023-02-21T09:25:00.000Z",1676971500000,4890,4850,4850,45.9,54.1,0,3,2,,1.2,221100,409000,1143700,,1993023000,915303000,1077720000,
63382.6,-390400,-1866922000,2643062000,4509984000,7153528000,302965434.8,540819434.8,6.2,113258.7,11115.2,0.1,18300,-304200,-1463179000,4780,"2023-02-21T09:30:00.000Z",1676971800000,4870,4750,4860,5.4,94.6,0,0.3,2.8,,17.6,322500,340800,1484500,,1639337000,88079000,1551258000,
63382.6,-354300,-1691132000,3184598000,4875730000,8089250000,302965434.8,540819434.8,-0.7,113258.7,11115.2,1.5,113300,36100,175790000,4790,"2023-02-21T09:35:00.000Z",1676972100000,4800,4700,4770,57.7,39.3,3.1,1.8,0.7,0.5,0.7,77200,196500,1681000,6000,935722000,541536000,365746000,28440000
63382.6,-283600,-1350944000,3582387000,4933331000,8575006000,302965434.8,540819434.8,-1.4,113258.7,11115.2,6.9,82700,70700,340188000,4830,"2023-02-21T09:40:00.000Z",1676972400000,4830,4770,4780,81.9,11.9,6.2,1.3,0.1,0.6,0.1,12000,101000,1782000,6300,485756000,397789000,57601000,30366000
63382.6,-344300,-1642138000,3713881000,5356019000,9129188000,302965434.8,540819434.8,1.2,113258.7,11115.2,0.3,27300,-60700,-291194000,4780,"2023-02-21T09:45:00.000Z",1676972700000,4830,4780,4820,23.7,76.3,0,0.4,0.8,,3.2,88000,115300,1897300,,554182000,131494000,422688000,
63382.6,-291800,-1390062000,4056523000,5446585000,9562396000,302965434.8,540819434.8,-1.1,113258.7,11115.2,3.8,71400,52500,252076000,4800,"2023-02-21T09:50:00.000Z",1676973000000,4810,4780,4780,79.1,20.9,0,1.1,0.2,,0.3,18900,90300,1987600,,433208000,342642000,90566000,
63382.6,-336400,-1603932000,4146827000,5750759000,9956874000,302965434.8,540819434.8,0.9,113258.7,11115.2,0.3,18800,-44600,-213870000,4790,"2023-02-21T09:55:00.000Z",1676973300000,4810,4790,4800,22.9,77.1,0,0.3,0.6,,3.4,63400,82200,2069800,,394478000,90304000,304174000,
63382.6,-433500,-2062967000,5324732000,7387699000,12771719000,302965434.8,540819434.8,1.9,113258.7,11115.2,0.7,245700,-97100,-459035000,4800,"2023-02-21T10:00:00.000Z",1676973600000,4800,4770,4790,41.8,58.2,0,3.9,3,,1.4,342800,588500,2658300,,2814845000,1177905000,1636940000,
63382.6,-542700,-2586621000,5635939000,8222560000,13917787000,302965434.8,540819434.8,2.2,113258.7,11115.2,0.4,64700,-109200,-523654000,4810,"2023-02-21T10:05:00.000Z",1676973900000,4810,4800,4810,27.1,72.9,0,1,1.5,,2.7,173900,238600,2896900,,1146068000,311207000,834861000,
63382.6,-1216700,-5821812000,5648427000,11470239000,17177954000,302965434.8,540819434.8,13.6,113258.7,11115.2,0,2600,-674000,-3235191000,4790,"2023-02-21T10:10:00.000Z",1676974200000,4810,4790,4800,0.4,99.6,0,0,6,,260.2,676600,679200,3576100,,3260167000,12488000,3247679000,
63382.6,-1293900,-6190648000,5660387000,11851035000,17570710000,302965434.8,540819434.8,1.6,113258.7,11115.2,0,2500,-77200,-368836000,4790,"2023-02-21T10:15:00.000Z",1676974500000,4790,4770,4790,3,97,0,0,0.7,,31.9,79700,82200,3658300,,392756000,11960000,380796000,
63382.6,-1290500,-6174172000,5820517000,11994689000,17874494000,302965434.8,540819434.8,-0.1,113258.7,11115.2,1.1,33500,3400,16476000,4780,"2023-02-21T10:20:00.000Z",1676974800000,4780,4770,4780,52.7,47.3,0,0.5,0.3,,0.9,30100,63600,3721900,,303784000,160130000,143654000,
63382.6,-1333500,-6381222000,6778376000,13159598000,19997262000,302965434.8,540819434.8,0.9,113258.7,11115.2,0.8,199700,-43000,-207050000,4800,"2023-02-21T10:25:00.000Z",1676975100000,4810,4770,4780,45.1,54.9,0,3.2,2.1,,1.2,242700,442400,4164300,,2122768000,957859000,1164909000,
63382.6,-1302700,-6233478000,7526968000,13760446000,21346702000,302965434.8,540819434.8,-0.6,113258.7,11115.2,1.2,156000,30800,147744000,4800,"2023-02-21T10:30:00.000Z",1676975400000,4810,4780,4800,55.5,44.5,0,2.5,1.1,,0.8,125200,281200,4445500,,1349440000,748592000,600848000,
63382.6,-1238600,-5924980000,7920426000,13845406000,21825120000,302965434.8,540819434.8,-1.3,113258.7,11115.2,4.6,81800,64100,308498000,4800,"2023-02-21T10:35:00.000Z",1676975700000,4810,4800,4810,82.2,17.8,0,1.3,0.2,,0.2,17700,99500,4545000,,478418000,393458000,84960000,
63382.6,-1245300,-5957086000,7946400000,13903486000,21909174000,302965434.8,540819434.8,0.1,113258.7,11115.2,0.4,5400,-6700,-32106000,4800,"2023-02-21T10:40:00.000Z",1676976000000,4810,4800,4800,30.9,69.1,0,0.1,0.1,,2.2,12100,17500,4562500,,84054000,25974000,58080000,
63382.6,-1400700,-6702986000,7956020000,14659006000,22674314000,302965434.8,540819434.8,3.1,113258.7,11115.2,0,2000,-155400,-745900000,4800,"2023-02-21T10:45:00.000Z",1676976300000,4810,4800,4800,1.3,98.7,0,0,1.4,,78.7,157400,159400,4721900,,765140000,9620000,755520000,
63382.6,-1585800,-7591347000,7968034000,15559381000,23586703000,302965434.8,540819434.8,3.7,113258.7,11115.2,0,2500,-185100,-888361000,4790,"2023-02-21T10:50:00.000Z",1676976600000,4810,4790,4800,1.3,98.7,0,0,1.7,,75,187600,190100,4912000,,912389000,12014000,900375000,
63382.6,-1714600,-8207443000,7984794000,16192237000,24236319000,302965434.8,540819434.8,2.6,113258.7,11115.2,0,3500,-128800,-616096000,4770,"2023-02-21T10:55:00.000Z",1676976900000,4800,4770,4800,2.6,97.4,0,0.1,1.2,,37.8,132300,135800,5047800,,649616000,16760000,632856000,
63382.6,-1813500,-8676606000,8063874000,16740480000,24863642000,302965434.8,540819434.8,2,113258.7,11115.2,0.1,16700,-98900,-469163000,4740,"2023-02-21T11:00:00.000Z",1676977200000,4770,4720,4770,12.6,87.4,0,0.3,1,,6.9,115600,132300,5180100,,627323000,79080000,548243000,
63382.6,-1802100,-8622356000,8348203000,16970559000,25378050000,302965434.8,540819434.8,-0.2,113258.7,11115.2,1.2,60000,11400,54250000,4760,"2023-02-21T11:05:00.000Z",1676977500000,4760,4730,4740,55.2,44.8,0,0.9,0.4,,0.8,48600,108600,5288700,,514408000,284329000,230079000,
63382.6,-1801100,-8617318000,8547310000,17164628000,25771226000,302965434.8,540819434.8,0,113258.7,11115.2,1,41800,1000,5038000,4740,"2023-02-21T11:10:00.000Z",1676977800000,4780,4740,4760,50.6,49.4,0,0.7,0.4,,1,40800,82600,5371300,,393176000,199107000,194069000,
63382.6,-1813900,-8678098000,8589605000,17267703000,25916596000,302965434.8,540819434.8,0.3,113258.7,11115.2,0.4,8900,-12800,-60780000,4750,"2023-02-21T11:15:00.000Z",1676978100000,4760,4750,4750,29.1,70.9,0,0.1,0.2,,2.4,21700,30600,5401900,,145370000,42295000,103075000,
63382.6,-1874900,-8966836000,8596726000,17563562000,26219576000,302965434.8,540819434.8,1.2,113258.7,11115.2,0,1500,-61000,-288738000,4740,"2023-02-21T11:20:00.000Z",1676978400000,4750,4730,4740,2.3,97.7,0,0,0.6,,41.7,62500,64000,5465900,,302980000,7121000,295859000,
63382.6,-2019800,-9648867000,8659252000,18308119000,27175024000,302965434.8,540819434.8,2.9,113258.7,11115.2,0.1,13200,-144900,-682031000,4700,"2023-02-21T11:25:00.000Z",1676978700000,4740,4700,4740,6.5,78,15.5,0.2,1.4,2.8,12,158100,202800,5668700,31500,955448000,62526000,744557000,148365000
63382.6,-2053600,-9805617000,9254272000,19059889000,28524628000,302965434.8,540819434.8,0.7,113258.7,11115.2,0.8,126600,-33800,-156750000,4730,"2023-02-21T13:00:00.000Z",1676984400000,4730,4680,4700,44,55.8,0.2,2,1.4,0.1,1.3,160400,287600,5956300,600,1349604000,595020000,751770000,2814000
63382.6,-2036900,-9726451000,9440635000,19167086000,28818188000,302965434.8,540819434.8,-0.3,113258.7,11115.2,1.7,39400,16700,79166000,4720,"2023-02-21T13:05:00.000Z",1676984700000,4740,4720,4730,63.4,36.6,0,0.6,0.2,,0.6,22700,62100,6018400,,293560000,186363000,107197000,
63382.6,-2054500,-9809656000,9532799000,19342455000,29085721000,302965434.8,540819434.8,0.3,113258.7,11115.2,0.5,19400,-17600,-83205000,4730,"2023-02-21T13:10:00.000Z",1676985000000,4760,4730,4730,34.4,65.6,0,0.3,0.3,,1.9,37000,56400,6074800,,267533000,92164000,175369000,
63382.6,-2080700,-9934709000,9668598000,19603307000,29482372000,302965434.8,540819434.8,0.5,113258.7,11115.2,0.5,28500,-26200,-125053000,4770,"2023-02-21T13:15:00.000Z",1676985300000,4780,4730,4730,34.3,65.7,0,0.4,0.5,,1.9,54700,83200,6158000,,396651000,135799000,260852000,
63382.6,-2152400,-10275842000,9744441000,20020283000,29975191000,302965434.8,540819434.8,1.4,113258.7,11115.2,0.2,15900,-71700,-341133000,4770,"2023-02-21T13:20:00.000Z",1676985600000,4770,4760,4770,15.4,84.6,0,0.3,0.8,,5.5,87600,103500,6261500,,492819000,75843000,416976000,
63382.6,-2303200,-10992624000,9936763000,20929387000,31104524000,302965434.8,540819434.8,3,113258.7,11115.2,0.2,40600,-150800,-716782000,4730,"2023-02-21T13:25:00.000Z",1676985900000,4770,4720,4770,17.1,80.5,2.5,0.6,1.7,0.5,4.7,191400,237900,6499400,5900,1129333000,192322000,909104000,27907000
63382.6,-2272900,-10848838000,10307129000,21155967000,31701470000,302965434.8,540819434.8,-0.6,113258.7,11115.2,1.6,78300,30300,143786000,4760,"2023-02-21T13:30:00.000Z",1676986200000,4770,4710,4720,62,38,0,1.2,0.4,,0.6,48000,126300,6625700,,596946000,370366000,226580000,
63382.6,-2257400,-10774850000,10466750000,21241600000,31946724000,302965434.8,540819434.8,-0.3,113258.7,11115.2,1.9,33500,15500,73988000,4760,"2023-02-21T13:35:00.000Z",1676986500000,4770,4750,4760,65,35,0,0.5,0.2,,0.5,18000,51500,6677200,,245254000,159621000,85633000,
63382.6,-2192900,-10466485000,10989073000,21455558000,32683005000,302965434.8,540819434.8,-1.3,113258.7,11115.2,2.4,109300,64500,308365000,4780,"2023-02-21T13:40:00.000Z",1676986800000,4790,4760,4770,70.9,29.1,0,1.7,0.4,,0.4,44800,154100,6831300,,736281000,522323000,213958000,
63382.6,-2207400,-10534617000,11243084000,21777701000,33259159000,302965434.8,540819434.8,0.3,113258.7,11115.2,0.8,53100,-14500,-68132000,4760,"2023-02-21T13:45:00.000Z",1676987100000,4800,4760,4780,44,56,0,0.8,0.6,,1.3,67600,120700,6952000,,576154000,254011000,322143000,
63382.6,-2231400,-10648552000,11349872000,21998424000,33586670000,302965434.8,540819434.8,0.5,113258.7,11115.2,0.5,22500,-24000,-113935000,4740,"2023-02-21T13:50:00.000Z",1676987400000,4760,4740,4760,32.6,67.4,0,0.4,0.4,,2.1,46500,69000,7021000,,327511000,106788000,220723000,
63382.6,-2190500,-10454253000,11697670000,22151923000,34087967000,302965434.8,540819434.8,-0.8,113258.7,11115.2,2.3,73300,40900,194299000,4740,"2023-02-21T13:55:00.000Z",1676987700000,4750,4730,4750,69.3,30.7,0,1.2,0.3,,0.4,32400,105700,7126700,,501297000,347798000,153499000,
63382.6,-2189400,-10448766000,12022125000,22470891000,34731390000,302965434.8,540819434.8,0,113258.7,11115.2,1,68400,1100,5487000,4740,"2023-02-21T14:00:00.000Z",1676988000000,4750,4730,4750,50.4,49.6,0,1.1,0.6,,1,67300,135700,7262400,,643423000,324455000,318968000,
63382.6,-2141700,-10221932000,12310215000,22532147000,35080736000,302965434.8,540819434.8,-1,113258.7,11115.2,4.7,60600,47700,226834000,4760,"2023-02-21T14:05:00.000Z",1676988300000,4760,4740,4740,82.4,17.6,0,1,0.1,,0.2,12900,73500,7335900,,349346000,288090000,61256000,
63382.6,-2152800,-10274605000,12475082000,22749687000,35463143000,302965434.8,540819434.8,0.2,113258.7,11115.2,0.8,34700,-11100,-52673000,4740,"2023-02-21T14:10:00.000Z",1676988600000,4760,4740,4750,43.1,56.9,0,0.5,0.4,,1.3,45800,80500,7416400,,382407000,164867000,217540000,
63382.6,-2275600,-10854985000,12606887000,23461872000,36307133000,302965434.8,540819434.8,2.4,113258.7,11115.2,0.2,27900,-122800,-580380000,4730,"2023-02-21T14:15:00.000Z",1676988900000,4740,4710,4740,15.6,84.4,0,0.4,1.3,,5.4,150700,178600,7595000,,843990000,131805000,712185000,
63382.6,-2335400,-11136516000,12914716000,24051232000,37204322000,302965434.8,540819434.8,1.2,113258.7,11115.2,0.5,65100,-59800,-281531000,4730,"2023-02-21T14:20:00.000Z",1676989200000,4740,4710,4720,34.3,65.7,0,1,1.1,,1.9,124900,190000,7785000,,897189000,307829000,589360000,
63382.6,-2294300,-10941284000,13936410000,24877694000,39066638000,302965434.8,540819434.8,-0.8,113258.7,11115.2,1.2,216000,41100,195232000,4720,"2023-02-21T14:25:00.000Z",1676989500000,4740,4720,4730,54.8,44.4,0.8,3.4,1.5,0.3,0.8,174900,393900,8178900,3000,1862316000,1021694000,826462000,14160000
63382.6,-2294300,-10941284000,13936410000,24877694000,41218768000,302965434.8,540819434.8,0,113258.7,11115.2,NaN,,0,0,4700,"2023-02-21T14:45:00.000Z",1676990700000,4700,4700,4700,0,0,100,,,41.2,NaN,,457900,8636800,457900,2152130000,,,2152130000
