"abu","acum_busd","acum_busd_val","acum_val_bu","acum_val_sd","acum_val","avg_val_bu","avg_val_sd","rbusd","asd","auk","bs","bu","bu-sd","bu-sd_val","c","date","datetime","h","l","o","pbu","psd","puk","rbu","rsd","ruk","sb","sd","sum_vol","total_vol","uk","val","val_bu","val_sd","val_uk"
55504.3,-181900,-2736880000,253525000,2990405000,3243930000,824103152.2,1743415434.8,3,117532.6,14563,0.1,16800,-181900,-2736880000,15000,"2023-02-21T09:15:00.000Z",1676970900000,15100,15000,15050,7.8,92.2,0,0.3,1.7,,11.8,198700,215500,215500,,3243930000,253525000,2990405000,
55504.3,-262800,-3949185000,1297220000,5246405000,6543625000,824103152.2,1743415434.8,1.3,117532.6,14563,0.5,69500,-80900,-1212305000,15000,"2023-02-21T09:20:00.000Z",1676971200000,15050,15000,15050,31.6,68.4,0,1.3,1.3,,2.2,150400,219900,435400,,3299695000,1043695000,2256000000,
55504.3,-300000,-4504450000,2120455000,6624905000,8745360000,824103152.2,1743415434.8,0.6,117532.6,14563,0.6,54700,-37200,-555265000,15050,"2023-02-21T09:25:00.000Z",1676971500000,15050,15000,15000,37.3,62.7,0,1,0.8,,1.7,91900,146600,582000,,2201735000,823235000,1378500000,
55504.3,-685900,-10288805000,3310125000,13598930000,16924105000,824103152.2,1743415434.8,6.3,117532.6,14563,0.2,79200,-385900,-5784355000,14900,"2023-02-21T09:30:00.000Z",1676971800000,15050,14900,15050,14.5,85.3,0.2,1.4,4,0.1,5.9,465100,545300,1127300,1000,8178745000,1189670000,6974025000,15050000
55504.3,-673600,-10104685000,4289570000,14394255000,18698875000,824103152.2,1743415434.8,-0.2,117532.6,14563,1.2,65700,12300,184120000,14900,"2023-02-21T09:35:00.000Z",1676972100000,14950,14850,14900,55.2,44.8,0,1.2,0.5,,0.8,53400,119100,1246400,,1774770000,979445000,795325000,
55504.3,-641100,-9618075000,5197770000,14815845000,20028665000,824103152.2,1743415434.8,-0.5,117532.6,14563,2.2,60700,32500,486610000,14950,"2023-02-21T09:40:00.000Z",1676972400000,15000,14950,14950,68.3,31.7,0,1.1,0.2,,0.5,28200,88900,1335300,,1329790000,908200000,421590000,
55504.3,-761200,-11410395000,5363425000,16773820000,22152295000,824103152.2,1743415434.8,1.9,117532.6,14563,0.1,11100,-120100,-1792320000,14950,"2023-02-21T09:45:00.000Z",1676972700000,14950,14900,14950,7.8,92.2,0,0.2,1.1,,11.8,131200,142300,1477600,,2123630000,165655000,1957975000,
55504.3,-787900,-11806140000,6102465000,17908605000,24026120000,824103152.2,1743415434.8,0.4,117532.6,14563,0.7,49600,-26700,-395745000,14900,"2023-02-21T09:50:00.000Z",1676973000000,14900,14850,14900,39.4,60.6,0,0.9,0.6,,1.5,76300,125900,1603500,,1873825000,739040000,1134785000,
55504.3,-746600,-11188795000,7336195000,18524990000,25876235000,824103152.2,1743415434.8,-0.7,117532.6,14563,2,82800,41300,617345000,14950,"2023-02-21T09:55:00.000Z",1676973300000,14950,14850,14900,66.6,33.4,0,1.5,0.4,,0.5,41500,124300,1727800,,1850115000,1233730000,616385000,
55504.3,-805700,-12069065000,7431875000,19500940000,26947865000,824103152.2,1743415434.8,1,117532.6,14563,0.1,6400,-59100,-880270000,14900,"2023-02-21T10:00:00.000Z",1676973600000,14950,14900,14900,8.9,91.1,0,0.1,0.6,,10.2,65500,71900,1799700,,1071630000,95680000,975950000,
55504.3,-825600,-12365510000,7461680000,19827190000,27303920000,824103152.2,1743415434.8,0.3,117532.6,14563,0.1,2000,-19900,-296445000,14850,"2023-02-21T10:05:00.000Z",1676973900000,14950,14850,14900,8.4,91.6,0,0,0.2,,11,21900,23900,1823600,,356055000,29805000,326250000,
55504.3,-911300,-13638040000,7786940000,21424980000,29241820000,824103152.2,1743415434.8,1.4,117532.6,14563,0.2,21900,-85700,-1272530000,14850,"2023-02-21T10:10:00.000Z",1676974200000,14900,14800,14900,16.8,82.5,0.8,0.4,0.9,0.1,4.9,107600,130500,1954100,1000,1937900000,325260000,1597790000,14850000
55504.3,-902600,-13507200000,8404700000,21911900000,30346500000,824103152.2,1743415434.8,-0.1,117532.6,14563,1.3,41600,8700,130840000,14850,"2023-02-21T10:15:00.000Z",1676974500000,14850,14800,14800,55.8,44.2,0,0.7,0.3,,0.8,32900,74500,2028600,,1104680000,617760000,486920000,
55504.3,-756400,-11333915000,11113890000,22447805000,33591595000,824103152.2,1743415434.8,-2.4,117532.6,14563,5.1,182200,146200,2173285000,14900,"2023-02-21T10:20:00.000Z",1676974800000,14900,14800,14850,83.5,16.5,0,3.3,0.3,,0.2,36000,218200,2246800,,3245095000,2709190000,535905000,
55504.3,-787000,-11789455000,11363120000,23152575000,34545595000,824103152.2,1743415434.8,0.5,117532.6,14563,0.4,16700,-30600,-455540000,14900,"2023-02-21T10:25:00.000Z",1676975100000,14950,14900,14900,26.1,73.9,0,0.3,0.4,,2.8,47300,64000,2310800,,954000000,249230000,704770000,
55504.3,-773800,-11592610000,11608970000,23201580000,34840450000,824103152.2,1743415434.8,-0.2,117532.6,14563,5,16500,13200,196845000,14850,"2023-02-21T10:30:00.000Z",1676975400000,14900,14850,14900,83.3,16.7,0,0.3,0,,0.2,3300,19800,2330600,,294855000,245850000,49005000,
55504.3,-1038200,-15518650000,12403745000,27922395000,40359010000,824103152.2,1743415434.8,4.3,117532.6,14563,0.2,53500,-264400,-3926040000,14850,"2023-02-21T10:35:00.000Z",1676975700000,14900,14850,14850,14.4,85.5,0.1,1,2.7,0,5.9,317900,371600,2702200,200,5518560000,794775000,4720815000,2970000
55504.3,-1096800,-16388820000,12776520000,29165340000,41974730000,824103152.2,1743415434.8,0.9,117532.6,14563,0.3,25100,-58600,-870170000,14850,"2023-02-21T10:40:00.000Z",1676976000000,14900,14850,14850,23.1,76.9,0,0.5,0.7,,3.3,83700,108800,2811000,,1615720000,372775000,1242945000,
55504.3,-1093200,-16334710000,13259465000,29594175000,42886510000,824103152.2,1743415434.8,-0.1,117532.6,14563,1.1,32500,3600,54110000,14800,"2023-02-21T10:45:00.000Z",1676976300000,14900,14800,14900,52.9,47.1,0,0.6,0.2,,0.9,28900,61400,2872400,,911780000,482945000,428835000,
55504.3,-1162300,-17355045000,13955930000,31310975000,45299775000,824103152.2,1743415434.8,1.1,117532.6,14563,0.4,46900,-69100,-1020335000,14850,"2023-02-21T10:50:00.000Z",1676976600000,14850,14800,14850,28.8,71.2,0,0.8,1,,2.5,116000,162900,3035300,,2413265000,696465000,1716800000,
55504.3,-1350100,-20134430000,14068465000,34202895000,48304230000,824103152.2,1743415434.8,3,117532.6,14563,0,7600,-187800,-2779385000,14800,"2023-02-21T10:55:00.000Z",1676976900000,14850,14800,14800,3.7,96.3,0,0.1,1.7,,25.7,195400,203000,3238300,,3004455000,112535000,2891920000,
55504.3,-1573000,-23422080000,14904905000,38326985000,53264760000,824103152.2,1743415434.8,3.6,117532.6,14563,0.2,56700,-222900,-3287650000,14750,"2023-02-21T11:00:00.000Z",1676977200000,14800,14700,14800,16.9,83.1,0,1,2.4,,4.9,279600,336300,3574600,,4960530000,836440000,4124090000,
55504.3,-1562900,-23272730000,15816505000,39089235000,54938610000,824103152.2,1743415434.8,-0.2,117532.6,14563,1.2,61800,10100,149350000,14750,"2023-02-21T11:05:00.000Z",1676977500000,14800,14700,14750,54.4,45.6,0,1.1,0.4,,0.8,51700,113500,3688100,,1673850000,911600000,762250000,
55504.3,-1661400,-24725020000,15989665000,40714685000,56737220000,824103152.2,1743415434.8,1.6,117532.6,14563,0.1,11700,-98500,-1452290000,14750,"2023-02-21T11:10:00.000Z",1676977800000,14800,14750,14750,9.6,90.4,0,0.2,0.9,,9.4,110200,121900,3810000,,1798610000,173160000,1625450000,
55504.3,-1624400,-24176395000,16840665000,41017060000,57890595000,824103152.2,1743415434.8,-0.6,117532.6,14563,2.8,57500,37000,548625000,14800,"2023-02-21T11:15:00.000Z",1676978100000,14800,14750,14750,73.7,26.3,0,1,0.2,,0.4,20500,78000,3888000,,1153375000,851000000,302375000,
55504.3,-1671800,-24875355000,16896905000,41772260000,58702035000,824103152.2,1743415434.8,0.8,117532.6,14563,0.1,3800,-47400,-698960000,14750,"2023-02-21T11:20:00.000Z",1676978400000,14800,14750,14750,6.9,93.1,0,0.1,0.4,,13.5,51200,55000,3943000,,811440000,56240000,755200000,
55504.3,-1703800,-25347325000,16905785000,42253110000,59191765000,824103152.2,1743415434.8,0.5,117532.6,14563,0,600,-32000,-471970000,14750,"2023-02-21T11:25:00.000Z",1676978700000,14800,14750,14750,1.8,98.2,0,0,0.3,,54.3,32600,33200,3976200,,489730000,8880000,480850000,
55504.3,-1861700,-27664960000,18746585000,46411545000,65191000000,824103152.2,1743415434.8,2.5,117532.6,14563,0.4,124800,-157900,-2317635000,14750,"2023-02-21T13:00:00.000Z",1676984400000,14750,14700,14750,30.6,69.4,0,2.2,2.4,,2.3,282700,407500,4383700,,5999235000,1840800000,4158435000,
55504.3,-1903700,-28283635000,19564445000,47848080000,67445395000,824103152.2,1743415434.8,0.7,117532.6,14563,0.6,55400,-42000,-618675000,14800,"2023-02-21T13:05:00.000Z",1676984700000,14800,14700,14750,36.3,63.7,0,1,0.8,,1.8,97400,152800,4536500,,2254395000,817860000,1436535000,
55504.3,-1792300,-26634345000,21902900000,48537245000,70473015000,824103152.2,1743415434.8,-1.8,117532.6,14563,3.4,158000,111400,1649290000,14850,"2023-02-21T13:10:00.000Z",1676985000000,14850,14750,14800,77.2,22.8,0,2.8,0.4,,0.3,46600,204600,4741100,,3027620000,2338455000,689165000,
55504.3,-1653800,-24579990000,24302015000,48882005000,73216890000,824103152.2,1743415434.8,-2.2,117532.6,14563,6.9,161800,138500,2054355000,14850,"2023-02-21T13:15:00.000Z",1676985300000,14850,14750,14800,87.4,12.6,0,2.9,0.2,,0.1,23300,185100,4926200,,2743875000,2399115000,344760000,
55504.3,-1597300,-23740690000,25521215000,49261905000,74815990000,824103152.2,1743415434.8,-0.9,117532.6,14563,3.2,82100,56500,839300000,14800,"2023-02-21T13:20:00.000Z",1676985600000,14900,14800,14850,76.2,23.8,0,1.5,0.2,,0.3,25600,107700,5033900,,1599100000,1219200000,379900000,
55504.3,-1692000,-25141750000,26421545000,51563295000,78017710000,824103152.2,1743415434.8,1.5,117532.6,14563,0.4,60800,-94700,-1401060000,14800,"2023-02-21T13:25:00.000Z",1676985900000,14850,14750,14800,28.1,71.9,0,1.1,1.3,,2.6,155500,216300,5250200,,3201720000,900330000,2301390000,
55504.3,-1703900,-25308530000,28199420000,53507950000,81740240000,824103152.2,1743415434.8,0.2,117532.6,14563,0.9,119800,-11900,-166780000,14800,"2023-02-21T13:30:00.000Z",1676986200000,14850,14750,14800,47.6,52.4,0,2.2,1.1,,1.1,131700,251500,5501700,,3722530000,1777875000,1944655000,
55504.3,-1739300,-25833580000,29210875000,55044455000,84288200000,824103152.2,1743415434.8,0.6,117532.6,14563,0.7,68100,-35400,-525050000,14850,"2023-02-21T13:35:00.000Z",1676986500000,14900,14800,14800,39.7,60.3,0,1.2,0.9,,1.5,103500,171600,5673300,,2547960000,1011455000,1536505000,
55504.3,-1625100,-24130815000,31501440000,55632255000,87166565000,824103152.2,1743415434.8,-1.9,117532.6,14563,3.9,153700,114200,1702765000,14950,"2023-02-21T13:40:00.000Z",1676986800000,14950,14850,14850,79.6,20.4,0,2.8,0.3,,0.3,39500,193200,5866500,,2878365000,2290565000,587800000,
55504.3,-1747500,-25954355000,31644695000,57599050000,89276615000,824103152.2,1743415434.8,2,117532.6,14563,0.1,9600,-122400,-1823540000,14850,"2023-02-21T13:45:00.000Z",1676987100000,14950,14850,14950,6.8,93.2,0,0.2,1.1,,13.8,132000,141600,6008100,,2110050000,143255000,1966795000,
55504.3,-1958800,-29091940000,31656600000,60748540000,92438010000,824103152.2,1743415434.8,3.4,117532.6,14563,0,800,-211300,-3137585000,14850,"2023-02-21T13:50:00.000Z",1676987400000,14900,14800,14850,0.4,99.6,0,0,1.8,,265.1,212100,212900,6221000,,3161395000,11905000,3149490000,
55504.3,-2013900,-29906635000,31889745000,61796380000,93718995000,824103152.2,1743415434.8,0.9,117532.6,14563,0.2,15700,-55100,-814695000,14800,"2023-02-21T13:55:00.000Z",1676987700000,14850,14800,14850,18.2,81.8,0,0.3,0.6,,4.5,70800,86500,6307500,,1280985000,233145000,1047840000,
55504.3,-2066700,-30687150000,32164470000,62851620000,95048960000,824103152.2,1743415434.8,0.8,117532.6,14563,0.3,18500,-52800,-780515000,14800,"2023-02-21T14:00:00.000Z",1676988000000,14850,14800,14850,20.6,79.4,0,0.3,0.6,,3.9,71300,89800,6397300,,1329965000,274725000,1055240000,
55504.3,-2087800,-30998590000,32413950000,63412540000,95859360000,824103152.2,1743415434.8,0.3,117532.6,14563,0.4,16800,-21100,-311440000,14800,"2023-02-21T14:05:00.000Z",1676988300000,14850,14800,14850,30.7,69.3,0,0.3,0.3,,2.3,37900,54700,6452000,,810400000,249480000,560920000,
55504.3,-2046000,-30376940000,33307920000,63684860000,97025650000,824103152.2,1743415434.8,-0.7,117532.6,14563,3.3,60200,41800,621650000,14800,"2023-02-21T14:10:00.000Z",1676988600000,14850,14800,14850,76.6,23.4,0,1.1,0.2,,0.3,18400,78600,6530600,,1166290000,893970000,272320000,
55504.3,-2794600,-41429290000,33611780000,75041070000,108685720000,824103152.2,1743415434.8,12,117532.6,14563,0,20600,-748600,-11052350000,14700,"2023-02-21T14:15:00.000Z",1676988900000,14850,14700,14800,2.6,97.4,0,0.4,6.5,,37.3,769200,789800,7320400,,11660070000,303860000,11356210000,
55504.3,-2806200,-41596105000,36545350000,78141455000,114719675000,824103152.2,1743415434.8,0.2,117532.6,14563,0.9,199000,-11600,-166815000,14750,"2023-02-21T14:20:00.000Z",1676989200000,14800,14650,14700,48.6,51.4,0,3.6,1.8,,1.1,210600,409600,7730000,,6033955000,2933570000,3100385000,
55504.3,-2853300,-42288365000,37908745000,80197110000,118138725000,824103152.2,1743415434.8,0.8,117532.6,14563,0.7,92400,-47100,-692260000,14750,"2023-02-21T14:25:00.000Z",1676989500000,14800,14700,14800,39.8,60.2,0,1.7,1.2,,1.5,139500,231900,7961900,,3419050000,1363395000,2055655000,
55504.3,-2853300,-42288365000,37908745000,80197110000,127953915000,824103152.2,1743415434.8,0,117532.6,14563,NaN,,0,0,14700,"2023-02-21T14:45:00.000Z",1676990700000,14700,14700,14700,0,0,100,,,45.8,NaN,,667700,8629600,667700,9815190000,,,9815190000
