"abu","acum_busd","acum_busd_val","acum_val_bu","acum_val_sd","acum_val","avg_val_bu","avg_val_sd","rbusd","asd","auk","bs","bu","bu-sd","bu-sd_val","c","date","datetime","h","l","o","pbu","psd","puk","rbu","rsd","ruk","sb","sd","sum_vol","total_vol","uk","val","val_bu","val_sd","val_uk"
49628.3,72800,1017000000,1874145000,857145000,3352680000,685780434.8,1052161847.8,-2.8,76347.8,8050,2.2,134100,72800,1017000000,14000,"2023-03-09T09:15:00.000Z",1678353300000,14050,13850,13900,55.9,25.5,18.6,2.7,0.8,5.6,0.5,61300,240100,240100,44700,3352680000,1874145000,857145000,621390000
49628.3,-11800,-158260000,2704915000,2863175000,6228400000,685780434.8,1052161847.8,3.2,76347.8,8050,0.4,59600,-84600,-1175260000,13900,"2023-03-09T09:20:00.000Z",1678353600000,14000,13900,14000,28.8,69.8,1.4,1.2,1.9,0.3,2.4,144200,206600,446700,2800,2875720000,830770000,2006030000,38920000
49628.3,-3600,-42030000,3995680000,4037710000,8707550000,685780434.8,1052161847.8,-0.3,76347.8,8050,1.1,93100,8200,116230000,13850,"2023-03-09T09:25:00.000Z",1678353900000,13900,13800,13900,52,47.4,0.6,1.9,1.1,0.1,0.9,84900,179000,625700,1000,2479150000,1290765000,1174535000,13850000
49628.3,38900,549455000,4790760000,4241305000,9706225000,685780434.8,1052161847.8,-1.6,76347.8,8050,3.9,57200,42500,591485000,13900,"2023-03-09T09:30:00.000Z",1678354200000,13900,13850,13850,79.6,20.4,0,1.2,0.2,,0.3,14700,71900,697600,,998675000,795080000,203595000,
49628.3,59100,830915000,5260580000,4429665000,10364405000,685780434.8,1052161847.8,-0.8,76347.8,8050,2.5,33800,20200,281460000,13900,"2023-03-09T09:35:00.000Z",1678354500000,13900,13850,13850,71.3,28.7,0,0.7,0.2,,0.4,13600,47400,745000,,658180000,469820000,188360000,
49628.3,49500,700075000,5849940000,5149865000,11673965000,685780434.8,1052161847.8,0.4,76347.8,8050,0.8,42400,-9600,-130840000,13900,"2023-03-09T09:40:00.000Z",1678354800000,13900,13850,13900,44.9,55.1,0,0.9,0.7,,1.2,52000,94400,839400,,1309560000,589360000,720200000,
49628.3,42700,608200000,6490730000,5882530000,13047420000,685780434.8,1052161847.8,0.3,76347.8,8050,0.9,46100,-6800,-91875000,13900,"2023-03-09T09:45:00.000Z",1678355100000,13900,13850,13850,46.6,53.4,0,0.9,0.7,,1.1,52900,99000,938400,,1373455000,640790000,732665000,
49628.3,28100,407065000,6789580000,6382515000,13846255000,685780434.8,1052161847.8,0.5,76347.8,8050,0.6,21500,-14600,-201135000,13850,"2023-03-09T09:50:00.000Z",1678355400000,13900,13850,13900,37.3,62.7,0,0.4,0.5,,1.7,36100,57600,996000,,798835000,298850000,499985000,
49628.3,61200,870915000,8322650000,7451735000,16448545000,685780434.8,1052161847.8,-1.3,76347.8,8050,1.4,110300,33100,463850000,13900,"2023-03-09T09:55:00.000Z",1678355700000,13900,13850,13850,58.8,41.2,0,2.2,1,,0.7,77200,187500,1183500,,2602290000,1533070000,1069220000,
49628.3,60100,857405000,9080120000,8222715000,17976995000,685780434.8,1052161847.8,0,76347.8,8050,1,54300,-1100,-13510000,13950,"2023-03-09T10:00:00.000Z",1678356000000,13950,13900,13900,49.5,50.5,0,1.1,0.7,,1,55400,109700,1293200,,1528450000,757470000,770980000,
49628.3,22600,337640000,9647335000,9309695000,19631190000,685780434.8,1052161847.8,1.4,76347.8,8050,0.5,40700,-37500,-519765000,13900,"2023-03-09T10:05:00.000Z",1678356300000,13950,13900,13950,34.2,65.8,0,0.8,1,,1.9,78200,118900,1412100,,1654195000,567215000,1086980000,
49628.3,-199800,-2737715000,9954350000,12692065000,23324730000,685780434.8,1052161847.8,8.4,76347.8,8050,0.1,22100,-222400,-3075355000,13800,"2023-03-09T10:10:00.000Z",1678356600000,13950,13800,13950,8.3,91.6,0.1,0.4,3.2,0,11.1,244500,266900,1679000,300,3693540000,307015000,3382370000,4155000
49628.3,-263900,-3622035000,10065010000,13687045000,24430370000,685780434.8,1052161847.8,2.4,76347.8,8050,0.1,8000,-64100,-884320000,13800,"2023-03-09T10:15:00.000Z",1678356900000,13850,13800,13800,10,90,0,0.2,0.9,,9,72100,80100,1759100,,1105640000,110660000,994980000,
49628.3,-441500,-6070420000,10443680000,16514100000,27637475000,685780434.8,1052161847.8,6.7,76347.8,8050,0.1,27400,-177600,-2448385000,13800,"2023-03-09T10:20:00.000Z",1678357200000,13850,13750,13800,11.8,88.2,0,0.6,2.7,0,7.5,205000,232500,1991600,100,3207105000,378670000,2827055000,1380000
49628.3,-504500,-6939275000,10642945000,17582220000,28904860000,685780434.8,1052161847.8,2.4,76347.8,8050,0.2,14400,-63000,-868855000,13800,"2023-03-09T10:25:00.000Z",1678357500000,13850,13800,13800,15.7,84.3,0,0.3,1,,5.4,77400,91800,2083400,,1267385000,199265000,1068120000,
49628.3,-503900,-6930890000,11315005000,18245895000,30240595000,685780434.8,1052161847.8,0,76347.8,8050,1,48700,600,8385000,13800,"2023-03-09T10:30:00.000Z",1678357800000,13800,13750,13800,50.3,49.7,0,1,0.6,,1,48100,96800,2180200,,1335735000,672060000,663675000,
49628.3,-486000,-6683590000,11639305000,18322895000,30641895000,685780434.8,1052161847.8,-0.7,76347.8,8050,4.2,23500,17900,247300000,13800,"2023-03-09T10:35:00.000Z",1678358100000,13800,13750,13800,80.8,19.2,0,0.5,0.1,,0.2,5600,29100,2209300,,401300000,324300000,77000000,
49628.3,-562900,-7740410000,11792485000,19532895000,32005075000,685780434.8,1052161847.8,2.9,76347.8,8050,0.1,11100,-76900,-1056820000,13750,"2023-03-09T10:40:00.000Z",1678358400000,13800,13750,13800,11.2,88.8,0,0.2,1.2,,7.9,88000,99100,2308400,,1363180000,153180000,1210000000,
49628.3,-593300,-8157680000,11993965000,20151645000,32825305000,685780434.8,1052161847.8,1.1,76347.8,8050,0.3,14600,-30400,-417270000,13800,"2023-03-09T10:45:00.000Z",1678358700000,13800,13750,13750,24.5,75.5,0,0.3,0.6,,3.1,45000,59600,2368000,,820230000,201480000,618750000,
49628.3,-534000,-7339030000,13009920000,20348950000,34038565000,685780434.8,1052161847.8,-2.2,76347.8,8050,5.1,73600,59300,818650000,13850,"2023-03-09T10:50:00.000Z",1678359000000,13850,13750,13750,83.7,16.3,0,1.5,0.2,,0.2,14300,87900,2455900,,1213260000,1015955000,197305000,
49628.3,-558500,-7676940000,13370100000,21047040000,35096835000,685780434.8,1052161847.8,0.9,76347.8,8050,0.5,26100,-24500,-337910000,13800,"2023-03-09T10:55:00.000Z",1678359300000,13800,13750,13800,34,66,0,0.5,0.7,,1.9,50600,76700,2532600,,1058270000,360180000,698090000,
49628.3,-537000,-7379455000,13883460000,21262915000,35826070000,685780434.8,1052161847.8,-0.8,76347.8,8050,2.4,37200,21500,297485000,13800,"2023-03-09T11:00:00.000Z",1678359600000,13800,13750,13800,70.3,29.7,0,0.7,0.2,,0.4,15700,52900,2585500,,729235000,513360000,215875000,
49628.3,-657900,-9040820000,14401860000,23442680000,38524235000,685780434.8,1052161847.8,4.5,76347.8,8050,0.2,37700,-120900,-1661365000,13700,"2023-03-09T11:05:00.000Z",1678359900000,13800,13700,13750,19.2,80.8,0,0.8,2.1,,4.2,158600,196300,2781800,,2698165000,518400000,2179765000,
49628.3,-693300,-9525440000,14500860000,24026300000,39206855000,685780434.8,1052161847.8,1.3,76347.8,8050,0.2,7200,-35400,-484620000,13750,"2023-03-09T11:10:00.000Z",1678360200000,13750,13700,13750,14.5,85.5,0,0.1,0.6,,5.9,42600,49800,2831600,,682620000,99000000,583620000,
49628.3,-664900,-9134940000,15086610000,24221550000,40181730000,685780434.8,1052161847.8,-1.1,76347.8,8050,3,42600,28400,390500000,13750,"2023-03-09T11:15:00.000Z",1678360500000,13750,13750,13750,60.1,20,19.9,0.9,0.2,1.8,0.3,14200,70900,2902500,14100,974875000,585750000,195250000,193875000
49628.3,-650000,-8929135000,15343290000,24272425000,40489285000,685780434.8,1052161847.8,-0.6,76347.8,8050,5,18600,14900,205805000,13750,"2023-03-09T11:20:00.000Z",1678360800000,13800,13750,13750,83.4,16.6,0,0.4,0,,0.2,3700,22300,2924800,,307555000,256680000,50875000,
49628.3,-639700,-8786875000,15518550000,24305425000,40697545000,685780434.8,1052161847.8,-0.4,76347.8,8050,5.3,12700,10300,142260000,13750,"2023-03-09T11:25:00.000Z",1678361100000,13800,13750,13750,84.1,15.9,0,0.3,0,,0.2,2400,15100,2939900,,208260000,175260000,33000000,
49628.3,-733800,-10079990000,15743080000,25823070000,42439720000,685780434.8,1052161847.8,3.5,76347.8,8050,0.1,16300,-94100,-1293115000,13750,"2023-03-09T13:00:00.000Z",1678366800000,13800,13700,13750,12.9,87.1,0,0.3,1.4,,6.8,110400,126700,3066600,,1742175000,224530000,1517645000,
49628.3,-792400,-10882385000,15859955000,26742340000,43475865000,685780434.8,1052161847.8,2.2,76347.8,8050,0.1,8500,-58600,-802395000,13700,"2023-03-09T13:05:00.000Z",1678367100000,13750,13700,13700,11.2,88.8,0,0.2,0.9,,7.9,67100,75600,3142200,,1036145000,116875000,919270000,
49628.3,-723300,-9931715000,17453840000,27385555000,45712965000,685780434.8,1052161847.8,-2.6,76347.8,8050,2.5,115900,69100,950670000,13750,"2023-03-09T13:10:00.000Z",1678367400000,13800,13700,13750,71.2,28.8,0,2.3,0.6,,0.4,46800,162700,3304900,,2237100000,1593885000,643215000,
49628.3,-692100,-9501015000,17923040000,27424055000,46220665000,685780434.8,1052161847.8,-1.2,76347.8,8050,12.1,34000,31200,430700000,13800,"2023-03-09T13:15:00.000Z",1678367700000,13800,13750,13750,92.4,7.6,0,0.7,0,,0.1,2800,36800,3341700,,507700000,469200000,38500000,
49628.3,-708300,-9720680000,19169125000,28889805000,48932500000,685780434.8,1052161847.8,0.6,76347.8,8050,0.8,90400,-16200,-219665000,13750,"2023-03-09T13:20:00.000Z",1678368000000,13800,13750,13800,45.9,54.1,0,1.8,1.4,,1.2,106600,197000,3538700,,2711835000,1246085000,1465750000,
49628.3,-902600,-12385390000,19711425000,32096815000,52681810000,685780434.8,1052161847.8,7.3,76347.8,8050,0.2,39500,-194300,-2664710000,13700,"2023-03-09T13:25:00.000Z",1678368300000,13800,13700,13750,14.5,85.5,0,0.8,3.1,,5.9,233800,273300,3812000,,3749310000,542300000,3207010000,
49628.3,-909300,-12475755000,20370395000,32846150000,54090115000,685780434.8,1052161847.8,0.2,76347.8,8050,0.9,48100,-6700,-90365000,13650,"2023-03-09T13:30:00.000Z",1678368600000,13700,13650,13700,46.7,53.3,0,1,0.7,,1.1,54800,102900,3914900,,1408305000,658970000,749335000,
49628.3,-879100,-12061455000,21251380000,33312835000,55437785000,685780434.8,1052161847.8,-1.1,76347.8,8050,1.9,64300,30200,414300000,13700,"2023-03-09T13:35:00.000Z",1678368900000,13750,13650,13700,65.3,34.7,0,1.3,0.4,,0.5,34100,98400,4013300,,1347670000,880985000,466685000,
49628.3,-816900,-11209265000,22218600000,33427865000,56520035000,685780434.8,1052161847.8,-2.3,76347.8,8050,8.4,70600,62200,852190000,13700,"2023-03-09T13:40:00.000Z",1678369200000,13700,13650,13700,89.4,10.6,0,1.4,0.1,,0.1,8400,79000,4092300,,1082250000,967220000,115030000,
49628.3,-1051900,-14416115000,22492225000,36908340000,60274135000,685780434.8,1052161847.8,8.8,76347.8,8050,0.1,20000,-235000,-3206850000,13650,"2023-03-09T13:45:00.000Z",1678369500000,13700,13600,13700,7.3,92.7,0,0.4,3.3,,12.8,255000,275000,4367300,,3754100000,273625000,3480475000,
49628.3,-916300,-12560255000,24482150000,37042405000,62398125000,685780434.8,1052161847.8,-5.1,76347.8,8050,14.8,145400,135600,1855860000,13700,"2023-03-09T13:50:00.000Z",1678369800000,13700,13600,13650,93.7,6.3,0,2.9,0.1,,0.1,9800,155200,4522500,,2123990000,1989925000,134065000,
49628.3,-874900,-11990415000,25213650000,37204065000,63291285000,685780434.8,1052161847.8,-1.6,76347.8,8050,4.5,53200,41400,569840000,13750,"2023-03-09T13:55:00.000Z",1678370100000,13750,13700,13700,81.8,18.2,0,1.1,0.2,,0.2,11800,65000,4587500,,893160000,731500000,161660000,
49628.3,-867800,-11892250000,25595065000,37487315000,63955950000,685780434.8,1052161847.8,-0.3,76347.8,8050,1.3,27700,7100,98165000,13750,"2023-03-09T14:00:00.000Z",1678370400000,13800,13750,13750,57.3,42.7,0,0.6,0.3,,0.7,20600,48300,4635800,,664665000,381415000,283250000,
49628.3,-1112400,-15255325000,25907315000,41162640000,67943525000,685780434.8,1052161847.8,9.2,76347.8,8050,0.1,22700,-244600,-3363075000,13800,"2023-03-09T14:05:00.000Z",1678370700000,13800,13700,13750,7.8,92.2,0,0.5,3.5,,11.8,267300,290000,4925800,,3987575000,312250000,3675325000,
49628.3,-933600,-12787750000,28387265000,41175015000,70435850000,685780434.8,1052161847.8,-6.7,76347.8,8050,199.7,179700,178800,2467575000,13850,"2023-03-09T14:10:00.000Z",1678371000000,13850,13750,13800,99.5,0.5,0,3.6,0,,0,900,180600,5106400,,2492325000,2479950000,12375000,
49628.3,-838500,-11470480000,30318005000,41788485000,72980060000,685780434.8,1052161847.8,-3.6,76347.8,8050,3.1,139400,95100,1317270000,13850,"2023-03-09T14:15:00.000Z",1678371300000,13900,13800,13850,75.9,24.1,0,2.8,0.6,,0.3,44300,183700,5290100,,2544210000,1930740000,613470000,
49628.3,-891400,-12199985000,31181145000,43381130000,75435845000,685780434.8,1052161847.8,2,76347.8,8050,0.5,62100,-52900,-729505000,13800,"2023-03-09T14:20:00.000Z",1678371600000,13900,13800,13850,35.1,64.9,0,1.3,1.5,,1.9,115000,177100,5467200,,2455785000,863140000,1592645000,
49628.3,-1229100,-16853545000,31545900000,48399445000,80818915000,685780434.8,1052161847.8,12.7,76347.8,8050,0.1,26500,-337700,-4653560000,13750,"2023-03-09T14:25:00.000Z",1678371900000,13850,13700,13850,6.8,93.2,0,0.5,4.8,,13.7,364200,390700,5857900,,5383070000,364755000,5018315000,
49628.3,-1229100,-16853545000,31545900000,48399445000,85028925000,685780434.8,1052161847.8,0,76347.8,8050,NaN,,0,0,13700,"2023-03-09T14:45:00.000Z",1678373100000,13700,13700,13700,0,0,100,,,38.2,NaN,,307300,6165200,307300,4210010000,,,4210010000
