"abu","acum_busd","acum_busd_val","acum_val_bu","acum_val_sd","acum_val","avg_val_bu","avg_val_sd","rbusd","asd","auk","bs","bu","bu-sd","bu-sd_val","c","date","datetime","h","l","o","pbu","psd","puk","rbu","rsd","ruk","sb","sd","sum_vol","total_vol","uk","val","val_bu","val_sd","val_uk"
71608.7,36500,409610000,1772240000,1362630000,3134870000,789083478.3,863498152.2,-5.5,78734.8,12373.9,1.3,158900,36500,409610000,11150,"2023-03-09T09:15:00.000Z",1678353300000,11200,11100,11150,56.5,43.5,0,2.2,1.6,,0.8,122400,281300,281300,,3134870000,1772240000,1362630000,
71608.7,84400,943800000,3106905000,2163105000,5270010000,789083478.3,863498152.2,-7.2,78734.8,12373.9,1.7,119700,47900,534190000,11100,"2023-03-09T09:20:00.000Z",1678353600000,11200,11100,11150,62.5,37.5,0,1.7,0.9,,0.6,71800,191500,472800,,2135140000,1334665000,800475000,
71608.7,9200,110765000,3275050000,3164285000,6439335000,789083478.3,863498152.2,11.2,78734.8,12373.9,0.2,15100,-75200,-833035000,11050,"2023-03-09T09:25:00.000Z",1678353900000,11150,11050,11150,14.3,85.7,0,0.2,1.1,,6,90300,105400,578200,,1169325000,168145000,1001180000,
71608.7,-57400,-621415000,3534620000,4156035000,7690655000,789083478.3,863498152.2,9.8,78734.8,12373.9,0.3,23400,-66600,-732180000,11000,"2023-03-09T09:30:00.000Z",1678354200000,11100,11000,11050,20.6,79.4,0,0.3,1.1,,3.8,90000,113400,691600,,1251320000,259570000,991750000,
71608.7,-48900,-526545000,3837390000,4363935000,8201325000,789083478.3,863498152.2,-1.3,78734.8,12373.9,1.4,27400,8500,94870000,11000,"2023-03-09T09:35:00.000Z",1678354500000,11050,11000,11000,59.2,40.8,0,0.4,0.2,,0.7,18900,46300,737900,,510670000,302770000,207900000,
71608.7,53100,601715000,5220850000,4619135000,9839985000,789083478.3,863498152.2,-15.2,78734.8,12373.9,5.4,125200,102000,1128260000,11050,"2023-03-09T09:40:00.000Z",1678354800000,11050,11000,11050,84.4,15.6,0,1.7,0.3,,0.2,23200,148400,886300,,1638660000,1383460000,255200000,
71608.7,58400,660660000,6129540000,5468880000,11598420000,789083478.3,863498152.2,-0.8,78734.8,12373.9,1.1,82200,5300,58945000,11050,"2023-03-09T09:45:00.000Z",1678355100000,11100,11050,11050,51.7,48.3,0,1.1,1,,0.9,76900,159100,1045400,,1758435000,908690000,849745000,
71608.7,155900,1744015000,7457100000,5713085000,13170185000,789083478.3,863498152.2,-14.6,78734.8,12373.9,5.4,119600,97500,1083355000,11100,"2023-03-09T09:50:00.000Z",1678355400000,11100,11050,11100,84.4,15.6,0,1.7,0.3,,0.2,22100,141700,1187100,,1571765000,1327560000,244205000,
71608.7,146200,1637915000,7697970000,6060055000,13758025000,789083478.3,863498152.2,1.4,78734.8,12373.9,0.7,21700,-9700,-106100000,11050,"2023-03-09T09:55:00.000Z",1678355700000,11100,11050,11100,40.9,59.1,0,0.3,0.4,,1.4,31400,53100,1240200,,587840000,240870000,346970000,
71608.7,260600,2909585000,9374070000,6464485000,15838555000,789083478.3,863498152.2,-17.1,78734.8,12373.9,4.1,151000,114400,1271670000,11100,"2023-03-09T10:00:00.000Z",1678356000000,11100,11050,11050,80.5,19.5,0,2.1,0.5,,0.2,36600,187600,1427800,,2080530000,1676100000,404430000,
71608.7,380800,4244160000,10787100000,6542940000,17330040000,789083478.3,863498152.2,-17.9,78734.8,12373.9,17.9,127300,120200,1334575000,11100,"2023-03-09T10:05:00.000Z",1678356300000,11100,11050,11100,94.7,5.3,0,1.8,0.1,,0.1,7100,134400,1562200,,1491485000,1413030000,78455000,
71608.7,227200,2546935000,10814780000,8267845000,19082625000,789083478.3,863498152.2,22.8,78734.8,12373.9,0,2500,-153600,-1697225000,11050,"2023-03-09T10:10:00.000Z",1678356600000,11100,11050,11100,1.6,98.4,0,0,2,,62.4,156100,158600,1720800,,1752585000,27680000,1724905000,
71608.7,313500,3501075000,11884420000,8383345000,20267765000,789083478.3,863498152.2,-12.8,78734.8,12373.9,9.2,96800,86300,954140000,11050,"2023-03-09T10:15:00.000Z",1678356900000,11050,11000,11000,90.2,9.8,0,1.4,0.1,,0.1,10500,107300,1828100,,1185140000,1069640000,115500000,
71608.7,295600,3304765000,12151830000,8847065000,20998895000,789083478.3,863498152.2,2.6,78734.8,12373.9,0.6,24200,-17900,-196310000,11000,"2023-03-09T10:20:00.000Z",1678357200000,11050,11000,11050,36.5,63.5,0,0.3,0.5,,1.7,42100,66300,1894400,,731130000,267410000,463720000,
71608.7,77100,901365000,12169435000,11268070000,23447405000,789083478.3,863498152.2,32.3,78734.8,12373.9,0,1600,-218500,-2403400000,10950,"2023-03-09T10:25:00.000Z",1678357500000,11050,10950,11000,0.7,98.9,0.4,0,2.8,0.1,137.6,220100,222600,2117000,900,2448510000,17605000,2421005000,9900000
71608.7,-29700,-267560000,12287135000,12554695000,24851730000,789083478.3,863498152.2,15.7,78734.8,12373.9,0.1,10700,-106800,-1168925000,10950,"2023-03-09T10:30:00.000Z",1678357800000,11000,10950,11000,8.3,91.7,0,0.1,1.5,,11,117500,128200,2245200,,1404325000,117700000,1286625000,
71608.7,-27700,-245120000,12405935000,12651055000,25066890000,789083478.3,863498152.2,-0.3,78734.8,12373.9,1.2,10800,2000,22440000,10950,"2023-03-09T10:35:00.000Z",1678358100000,11000,10950,10950,55.1,44.9,0,0.2,0.1,,0.8,8800,19600,2264800,,215160000,118800000,96360000,
71608.7,-31500,-286485000,12459835000,12746320000,25216055000,789083478.3,863498152.2,0.6,78734.8,12373.9,0.6,4900,-3800,-41365000,10950,"2023-03-09T10:40:00.000Z",1678358400000,11000,10950,11000,36,64,0,0.1,0.1,,1.8,8700,13600,2278400,,149165000,53900000,95265000,
71608.7,24700,332240000,13193535000,12861295000,26064730000,789083478.3,863498152.2,-8.3,78734.8,12373.9,6.4,66700,56200,618725000,10950,"2023-03-09T10:45:00.000Z",1678358700000,11000,10950,11000,86.4,13.6,0,0.9,0.1,,0.2,10500,77200,2355600,,848675000,733700000,114975000,
71608.7,158700,1806600000,14746735000,12940135000,27696770000,789083478.3,863498152.2,-19.8,78734.8,12373.9,19.6,141200,134000,1474360000,11000,"2023-03-09T10:50:00.000Z",1678359000000,11000,10950,10950,95.1,4.9,0,2,0.1,,0.1,7200,148400,2504000,,1632040000,1553200000,78840000,
71608.7,242100,2725035000,16481435000,13756400000,30247735000,789083478.3,863498152.2,-12.3,78734.8,12373.9,2.1,157700,83400,918435000,11000,"2023-03-09T10:55:00.000Z",1678359300000,11000,10950,11000,68,32,0,2.2,0.9,,0.5,74300,232000,2736000,,2550965000,1734700000,816265000,
71608.7,239600,2698100000,16578235000,13880135000,30468270000,789083478.3,863498152.2,0.4,78734.8,12373.9,0.8,8800,-2500,-26935000,10950,"2023-03-09T11:00:00.000Z",1678359600000,11000,10950,11000,43.8,56.2,0,0.1,0.1,,1.3,11300,20100,2756100,,220535000,96800000,123735000,
71608.7,202800,2295325000,16618935000,14323610000,30952445000,789083478.3,863498152.2,5.4,78734.8,12373.9,0.1,3700,-36800,-402775000,11000,"2023-03-09T11:05:00.000Z",1678359900000,11000,10950,10950,8.4,91.6,0,0.1,0.5,,10.9,40500,44200,2800300,,484175000,40700000,443475000,
71608.7,190100,2156370000,16643135000,14486765000,31139800000,789083478.3,863498152.2,1.9,78734.8,12373.9,0.1,2200,-12700,-138955000,10950,"2023-03-09T11:10:00.000Z",1678360200000,11000,10950,10950,12.9,87.1,0,0,0.2,,6.8,14900,17100,2817400,,187355000,24200000,163155000,
71608.7,63600,771470000,16644230000,15872760000,32526890000,789083478.3,863498152.2,18.6,78734.8,12373.9,0,100,-126500,-1384900000,10950,"2023-03-09T11:15:00.000Z",1678360500000,10950,10900,10950,0.1,99.9,0,0,1.6,,1266,126600,126700,2944100,,1387090000,1095000,1385995000,
71608.7,113300,1315790000,17273890000,15958100000,33241890000,789083478.3,863498152.2,-7.3,78734.8,12373.9,7.4,57500,49700,544320000,10950,"2023-03-09T11:20:00.000Z",1678360800000,11000,10900,10950,88.1,11.9,0,0.8,0.1,,0.1,7800,65300,3009400,,715000000,629660000,85340000,
71608.7,128000,1478135000,17737075000,16258940000,34005915000,789083478.3,863498152.2,-2.2,78734.8,12373.9,1.5,42300,14700,162345000,10950,"2023-03-09T11:25:00.000Z",1678361100000,10950,10900,10950,60.5,39.5,0,0.6,0.4,,0.7,27600,69900,3079300,,764025000,463185000,300840000,
71608.7,58400,718545000,18612105000,17893560000,36640395000,789083478.3,863498152.2,10.2,78734.8,12373.9,0.5,79900,-69600,-759590000,11000,"2023-03-09T13:00:00.000Z",1678366800000,11000,10900,10900,33.2,62.1,4.7,1.1,1.9,0.9,1.9,149500,240800,3320100,11400,2634480000,875030000,1634620000,124830000
71608.7,105000,1235670000,20254890000,19019220000,39408840000,789083478.3,863498152.2,-6.9,78734.8,12373.9,1.5,149400,46600,517125000,11000,"2023-03-09T13:05:00.000Z",1678367100000,11000,10950,10950,59.2,40.8,0,2.1,1.3,,0.7,102800,252200,3572300,,2768445000,1642785000,1125660000,
71608.7,149900,1730295000,21059715000,19329420000,40523865000,789083478.3,863498152.2,-6.6,78734.8,12373.9,2.6,73100,44900,494625000,11000,"2023-03-09T13:10:00.000Z",1678367400000,11050,11000,11000,72.2,27.8,0,1,0.4,,0.4,28200,101300,3673600,,1115025000,804825000,310200000,
71608.7,129300,1504500000,21335470000,19830970000,41301170000,789083478.3,863498152.2,3,78734.8,12373.9,0.5,25000,-20600,-225795000,11000,"2023-03-09T13:15:00.000Z",1678367700000,11050,10950,11000,35.4,64.6,0,0.3,0.6,,1.8,45600,70600,3744200,,777305000,275755000,501550000,
71608.7,33400,449165000,22098560000,21649395000,43882685000,789083478.3,863498152.2,14.2,78734.8,12373.9,0.4,69100,-95900,-1055335000,10950,"2023-03-09T13:20:00.000Z",1678368000000,11050,10950,11050,29.5,70.5,0,1,2.1,,2.4,165000,234100,3978300,,2581515000,763090000,1818425000,
71608.7,62100,766460000,22765160000,21998700000,44898590000,789083478.3,863498152.2,-4.3,78734.8,12373.9,1.9,60600,28700,317295000,11000,"2023-03-09T13:25:00.000Z",1678368300000,11000,10950,10950,65.5,34.5,0,0.8,0.4,,0.5,31900,92500,4070800,,1015905000,666600000,349305000,
71608.7,-373100,-3980435000,23151520000,27131955000,50418205000,789083478.3,863498152.2,63.8,78734.8,12373.9,0.1,35300,-435200,-4746895000,10900,"2023-03-09T13:30:00.000Z",1678368600000,11000,10900,11000,7,93,0,0.5,6,,13.3,470500,505800,4576600,,5519615000,386360000,5133255000,
71608.7,-333300,-3539565000,25775260000,29314825000,55224815000,789083478.3,863498152.2,-5.9,78734.8,12373.9,1.2,240700,39800,440870000,10850,"2023-03-09T13:35:00.000Z",1678368900000,10950,10850,10900,54.5,45.5,0,3.4,2.6,,0.8,200900,441600,5018200,,4806610000,2623740000,2182870000,
71608.7,-418700,-4464645000,26104440000,30569085000,56808255000,789083478.3,863498152.2,12.4,78734.8,12373.9,0.3,30200,-85400,-925080000,10900,"2023-03-09T13:40:00.000Z",1678369200000,10900,10850,10900,20.7,79.3,0,0.4,1.5,,3.8,115600,145800,5164000,,1583440000,329180000,1254260000,
71608.7,-388400,-4131465000,27069090000,31200555000,58404375000,789083478.3,863498152.2,-4.5,78734.8,12373.9,1.5,88500,30300,333180000,10900,"2023-03-09T13:45:00.000Z",1678369500000,10900,10850,10900,60.3,39.7,0,1.2,0.7,,0.7,58200,146700,5310700,,1596120000,964650000,631470000,
71608.7,-367500,-3901705000,27797420000,31699125000,59631275000,789083478.3,863498152.2,-3.1,78734.8,12373.9,1.5,66800,20900,229760000,10900,"2023-03-09T13:50:00.000Z",1678369800000,10950,10850,10900,59.3,40.7,0,0.9,0.6,,0.7,45900,112700,5423400,,1226900000,728330000,498570000,
71608.7,-461800,-4928180000,28102925000,33031105000,61268760000,789083478.3,863498152.2,13.8,78734.8,12373.9,0.2,27900,-94300,-1026475000,10950,"2023-03-09T13:55:00.000Z",1678370100000,10950,10900,10900,18.6,81.4,0,0.4,1.6,,4.4,122200,150100,5573500,,1637485000,305505000,1331980000,
71608.7,-524700,-5613515000,28163150000,33776665000,62074545000,789083478.3,863498152.2,9.2,78734.8,12373.9,0.1,5500,-62900,-685335000,10900,"2023-03-09T14:00:00.000Z",1678370400000,10950,10900,10950,7.4,92.6,0,0.1,0.9,,12.4,68400,73900,5647400,,805785000,60225000,745560000,
71608.7,-613400,-6579300000,28392005000,34971305000,63498040000,789083478.3,863498152.2,13,78734.8,12373.9,0.2,20900,-88700,-965785000,10950,"2023-03-09T14:05:00.000Z",1678370700000,10950,10900,10900,16,84,0,0.3,1.4,,5.2,109600,130500,5777900,,1423495000,228855000,1194640000,
71608.7,-315400,-3299180000,32418675000,35717855000,68271260000,789083478.3,863498152.2,-44.1,78734.8,12373.9,5.4,366400,298000,3280120000,11050,"2023-03-09T14:10:00.000Z",1678371000000,11050,10900,10950,84.3,15.7,0,5.1,0.9,,0.2,68400,434800,6212700,,4773220000,4026670000,746550000,
71608.7,-287500,-2987040000,33576715000,36563755000,70275200000,789083478.3,863498152.2,-4.2,78734.8,12373.9,1.4,104800,27900,312140000,11050,"2023-03-09T14:15:00.000Z",1678371300000,11050,11000,11000,57.7,42.3,0,1.5,1,,0.7,76900,181700,6394400,,2003940000,1158040000,845900000,
71608.7,-277400,-2873035000,35109840000,37982875000,73227445000,789083478.3,863498152.2,-1.5,78734.8,12373.9,1.1,138700,10100,114005000,11000,"2023-03-09T14:20:00.000Z",1678371600000,11100,11000,11050,51.9,48.1,0,1.9,1.6,,0.9,128600,267300,6661700,,2952245000,1533125000,1419120000,
71608.7,-327800,-3423075000,36297840000,39720915000,76153485000,789083478.3,863498152.2,7.4,78734.8,12373.9,0.7,108000,-50400,-550040000,11000,"2023-03-09T14:25:00.000Z",1678371900000,11000,10950,11000,40.5,59.5,0,1.5,2,,1.5,158400,266400,6928100,,2926040000,1188000000,1738040000,
71608.7,-327800,-3423075000,36297840000,39720915000,82251540000,789083478.3,863498152.2,0,78734.8,12373.9,NaN,,0,0,10950,"2023-03-09T14:45:00.000Z",1678373100000,10950,10950,10950,0,0,100,,,45,NaN,,556900,7485000,556900,6098055000,,,6098055000
