"abu","acum_busd","acum_busd_val","acum_val_bu","acum_val_sd","acum_val","avg_val_bu","avg_val_sd","rbusd","asd","auk","bs","bu","bu-sd","bu-sd_val","c","date","datetime","h","l","o","pbu","psd","puk","rbu","rsd","ruk","sb","sd","sum_vol","total_vol","uk","val","val_bu","val_sd","val_uk"
35253.2,-84000,-571872000,478140000,1050012000,1528152000,238563489.4,350458978.7,5.1,51966,283,0.5,69800,-84000,-571872000,6850,"2023-03-09T09:15:00.000Z",1678353300000,6880,6800,6820,31.2,68.8,0,2,3,,2.2,153800,223600,223600,,1528152000,478140000,1050012000,
35253.2,-73600,-499042000,866364000,1365406000,2231770000,238563489.4,350458978.7,-0.7,51966,283,1.2,56500,10400,72830000,6810,"2023-03-09T09:20:00.000Z",1678353600000,6880,6800,6850,55.1,44.9,0,1.6,0.9,,0.8,46100,102600,326200,,703618000,388224000,315394000,
35253.2,-120000,-815005000,975633000,1790638000,2766271000,238563489.4,350458978.7,2.8,51966,283,0.3,16000,-46400,-315963000,6810,"2023-03-09T09:25:00.000Z",1678353900000,6850,6810,6820,20.4,79.6,0,0.5,1.2,,3.9,62400,78400,404600,,534501000,109269000,425232000,
35253.2,-97500,-661520000,1620795000,2282315000,3903110000,238563489.4,350458978.7,-1.4,51966,283,1.3,94800,22500,153485000,6800,"2023-03-09T09:30:00.000Z",1678354200000,6810,6790,6800,56.7,43.3,0,2.7,1.4,,0.8,72300,167100,571700,,1136839000,645162000,491677000,
35253.2,-94000,-637479000,2041380000,2678859000,4720239000,238563489.4,350458978.7,-0.2,51966,283,1.1,61800,3500,24041000,6800,"2023-03-09T09:35:00.000Z",1678354500000,6820,6800,6800,51.5,48.5,0,1.8,1.1,,0.9,58300,120100,691800,,817129000,420585000,396544000,
35253.2,-176500,-1197204000,2181404000,3378608000,5560012000,238563489.4,350458978.7,5,51966,283,0.2,20600,-82500,-559725000,6790,"2023-03-09T09:40:00.000Z",1678354800000,6800,6780,6800,16.7,83.3,0,0.6,2,,5,103100,123700,815500,,839773000,140024000,699749000,
35253.2,-177300,-1202395000,2335210000,3537605000,5872815000,238563489.4,350458978.7,0,51966,283,1,22700,-800,-5191000,6770,"2023-03-09T09:45:00.000Z",1678355100000,6780,6760,6780,49.1,50.9,0,0.6,0.5,,1,23500,46200,861700,,312803000,153806000,158997000,
35253.2,-170200,-1153218000,2689805000,3843023000,6532828000,238563489.4,350458978.7,-0.4,51966,283,1.2,52400,7100,49177000,6760,"2023-03-09T09:50:00.000Z",1678355400000,6770,6710,6770,53.6,46.4,0,1.5,0.9,,0.9,45300,97700,959400,,660013000,354595000,305418000,
35253.2,-60700,-410429000,3657414000,4067843000,7725257000,238563489.4,350458978.7,-6.6,51966,283,4.3,142700,109500,742789000,6800,"2023-03-09T09:55:00.000Z",1678355700000,6800,6750,6760,81.1,18.9,0,4,0.6,,0.2,33200,175900,1135300,,1192429000,967609000,224820000,
35253.2,-112500,-762356000,3694811000,4457167000,8151978000,238563489.4,350458978.7,3.1,51966,283,0.1,5500,-51800,-351927000,6790,"2023-03-09T10:00:00.000Z",1678356000000,6800,6790,6800,8.8,91.2,0,0.2,1.1,,10.4,57300,62800,1198100,,426721000,37397000,389324000,
35253.2,-133700,-906054000,3720613000,4626667000,8347280000,238563489.4,350458978.7,1.3,51966,283,0.2,3800,-21200,-143698000,6780,"2023-03-09T10:05:00.000Z",1678356300000,6790,6780,6790,13.2,86.8,0,0.1,0.5,,6.6,25000,28800,1226900,,195302000,25802000,169500000,
35253.2,-213300,-1444961000,3797891000,5242852000,9040743000,238563489.4,350458978.7,4.8,51966,283,0.1,11400,-79600,-538907000,6760,"2023-03-09T10:10:00.000Z",1678356600000,6780,6760,6780,11.1,88.9,0,0.3,1.8,,8,91000,102400,1329300,,693463000,77278000,616185000,
35253.2,-215700,-1461133000,3895316000,5356449000,9251765000,238563489.4,350458978.7,0.1,51966,283,0.9,14400,-2400,-16172000,6760,"2023-03-09T10:15:00.000Z",1678356900000,6770,6760,6760,46.2,53.8,0,0.4,0.3,,1.2,16800,31200,1360500,,211022000,97425000,113597000,
35253.2,-238000,-1611641000,3914920000,5526561000,9441481000,238563489.4,350458978.7,1.3,51966,283,0.1,2900,-22300,-150508000,6750,"2023-03-09T10:20:00.000Z",1678357200000,6760,6750,6760,10.3,89.7,0,0.1,0.5,,8.7,25200,28100,1388600,,189716000,19604000,170112000,
35253.2,-241300,-1633826000,4002800000,5636626000,9639426000,238563489.4,350458978.7,0.2,51966,283,0.8,13000,-3300,-22185000,6760,"2023-03-09T10:25:00.000Z",1678357500000,6760,6750,6750,44.4,55.6,0,0.4,0.3,,1.3,16300,29300,1417900,,197945000,87880000,110065000,
35253.2,-256400,-1735639000,4031192000,5766831000,9798023000,238563489.4,350458978.7,0.9,51966,283,0.2,4200,-15100,-101813000,6740,"2023-03-09T10:30:00.000Z",1678357800000,6760,6740,6760,17.9,82.1,0,0.1,0.4,,4.6,19300,23500,1441400,,158597000,28392000,130205000,
35253.2,-270000,-1827225000,4084581000,5911806000,9996387000,238563489.4,350458978.7,0.8,51966,283,0.4,7900,-13600,-91586000,6760,"2023-03-09T10:35:00.000Z",1678358100000,6760,6740,6740,26.9,73.1,0,0.2,0.4,,2.7,21500,29400,1470800,,198364000,53389000,144975000,
35253.2,-261300,-1768270000,4165142000,5933412000,10098554000,238563489.4,350458978.7,-0.5,51966,283,3.7,11900,8700,58955000,6760,"2023-03-09T10:40:00.000Z",1678358400000,6770,6750,6750,78.8,21.2,0,0.3,0.1,,0.3,3200,15100,1485900,,102167000,80561000,21606000,
35253.2,-260900,-1765515000,4199669000,5965184000,10164853000,238563489.4,350458978.7,0,51966,283,1.1,5100,400,2755000,6760,"2023-03-09T10:45:00.000Z",1678358700000,6770,6760,6760,52,48,0,0.1,0.1,,0.9,4700,9800,1495700,,66299000,34527000,31772000,
35253.2,-156600,-1058138000,4982758000,6040896000,11023654000,238563489.4,350458978.7,-6.3,51966,283,10.3,115500,104300,707377000,6790,"2023-03-09T10:50:00.000Z",1678359000000,6790,6760,6770,91.2,8.8,0,3.3,0.2,,0.1,11200,126700,1622400,,858801000,783089000,75712000,
35253.2,-87900,-590682000,5708839000,6299521000,12008360000,238563489.4,350458978.7,-4.2,51966,283,2.8,106700,68700,467456000,6810,"2023-03-09T10:55:00.000Z",1678359300000,6820,6800,6800,73.7,26.3,0,3,0.7,,0.4,38000,144700,1767100,,984706000,726081000,258625000,
35253.2,-109900,-740027000,5737345000,6477372000,12214717000,238563489.4,350458978.7,1.3,51966,283,0.2,4200,-22000,-149345000,6780,"2023-03-09T11:00:00.000Z",1678359600000,6810,6770,6810,13.8,86.2,0,0.1,0.5,,6.2,26200,30400,1797500,,206357000,28506000,177851000,
35253.2,-123800,-834136000,5779329000,6613465000,12392794000,238563489.4,350458978.7,0.8,51966,283,0.3,6200,-13900,-94109000,6770,"2023-03-09T11:05:00.000Z",1678359900000,6780,6760,6780,23.6,76.4,0,0.2,0.4,,3.2,20100,26300,1823800,,178077000,41984000,136093000,
35253.2,-138100,-930739000,5811825000,6742564000,12554389000,238563489.4,350458978.7,0.9,51966,283,0.3,4800,-14300,-96603000,6750,"2023-03-09T11:10:00.000Z",1678360200000,6770,6750,6770,20.1,79.9,0,0.1,0.4,,4,19100,23900,1847700,,161595000,32496000,129099000,
35253.2,-157800,-1063812000,5860507000,6924319000,12784826000,238563489.4,350458978.7,1.2,51966,283,0.3,7200,-19700,-133073000,6750,"2023-03-09T11:15:00.000Z",1678360500000,6770,6750,6760,21.1,78.9,0,0.2,0.5,,3.7,26900,34100,1881800,,230437000,48682000,181755000,
35253.2,-188100,-1268313000,5890222000,7158535000,13048757000,238563489.4,350458978.7,1.8,51966,283,0.1,4400,-30300,-204501000,6750,"2023-03-09T11:20:00.000Z",1678360800000,6760,6740,6750,11.3,88.7,0,0.1,0.7,,7.9,34700,39100,1920900,,263931000,29715000,234216000,
35253.2,-208800,-1407818000,5964362000,7372180000,13336542000,238563489.4,350458978.7,1.2,51966,283,0.3,11000,-20700,-139505000,6730,"2023-03-09T11:25:00.000Z",1678361100000,6750,6730,6750,25.8,74.2,0,0.3,0.6,,2.9,31700,42700,1963600,,287785000,74140000,213645000,
35253.2,-259600,-1749607000,6151774000,7901381000,14053155000,238563489.4,350458978.7,3.1,51966,283,0.4,27800,-50800,-341789000,6730,"2023-03-09T13:00:00.000Z",1678366800000,6750,6730,6730,26.1,73.9,0,0.8,1.5,,2.8,78600,106400,2070000,,716613000,187412000,529201000,
35253.2,-260800,-1757106000,6449453000,8206559000,14656012000,238563489.4,350458978.7,0.1,51966,283,1,44200,-1200,-7499000,6740,"2023-03-09T13:05:00.000Z",1678367100000,6740,6720,6730,49.3,50.7,0,1.3,0.9,,1,45400,89600,2159600,,602857000,297679000,305178000,
35253.2,-223300,-1503206000,6799113000,8302319000,15101432000,238563489.4,350458978.7,-2.3,51966,283,3.6,51700,37500,253900000,6770,"2023-03-09T13:10:00.000Z",1678367400000,6780,6740,6740,78.5,21.5,0,1.5,0.3,,0.3,14200,65900,2225500,,445420000,349660000,95760000,
35253.2,-234500,-1578364000,7061218000,8639582000,15700800000,238563489.4,350458978.7,0.7,51966,283,0.8,38700,-11200,-75158000,6750,"2023-03-09T13:15:00.000Z",1678367700000,6780,6750,6770,43.7,56.3,0,1.1,1,,1.3,49900,88600,2314100,,599368000,262105000,337263000,
35253.2,-231700,-1559293000,7199800000,8759093000,15958893000,238563489.4,350458978.7,-0.2,51966,283,1.2,20500,2800,19071000,6750,"2023-03-09T13:20:00.000Z",1678368000000,6770,6750,6760,53.7,46.3,0,0.6,0.3,,0.9,17700,38200,2352300,,258093000,138582000,119511000,
35253.2,-259200,-1744593000,7266607000,9011200000,16277807000,238563489.4,350458978.7,1.7,51966,283,0.3,9900,-27500,-185300000,6740,"2023-03-09T13:25:00.000Z",1678368300000,6760,6740,6750,20.9,79.1,0,0.3,0.7,,3.8,37400,47300,2399600,,318914000,66807000,252107000,
35253.2,-430200,-2891800000,7400165000,10291965000,17781373000,238563489.4,350458978.7,10.3,51966,283,0.1,19900,-171000,-1147207000,6710,"2023-03-09T13:30:00.000Z",1678368600000,6740,6700,6740,8.9,85.2,5.9,0.6,3.7,47,9.6,190900,224100,2623700,13300,1503566000,133558000,1280765000,89243000
35253.2,-463700,-3115162000,7844060000,10959222000,18892525000,238563489.4,350458978.7,2,51966,283,0.7,66000,-33500,-223362000,6700,"2023-03-09T13:35:00.000Z",1678368900000,6740,6700,6710,39.9,60.1,0,1.9,1.9,,1.5,99500,165500,2789200,,1111152000,443895000,667257000,
35253.2,-476100,-3197984000,8081900000,11279884000,19451027000,238563489.4,350458978.7,0.7,51966,283,0.7,35500,-12400,-82822000,6700,"2023-03-09T13:40:00.000Z",1678369200000,6710,6680,6700,42.6,57.4,0,1,0.9,,1.3,47900,83400,2872600,,558502000,237840000,320662000,
35253.2,-487200,-3271730000,8413418000,11685148000,20187809000,238563489.4,350458978.7,0.7,51966,283,0.8,49500,-11100,-73746000,6700,"2023-03-09T13:45:00.000Z",1678369500000,6700,6680,6700,45,55,0,1.4,1.2,,1.2,60600,110100,2982700,,736782000,331518000,405264000,
35253.2,-488700,-3281822000,8600568000,11882390000,20572201000,238563489.4,350458978.7,0.1,51966,283,0.9,27900,-1500,-10092000,6700,"2023-03-09T13:50:00.000Z",1678369800000,6720,6700,6700,48.7,51.3,0,0.8,0.6,,1.1,29400,57300,3040000,,384392000,187150000,197242000,
35253.2,-422200,-2834526000,9183660000,12018186000,21291089000,238563489.4,350458978.7,-4,51966,283,4.3,86700,66500,447296000,6720,"2023-03-09T13:55:00.000Z",1678370100000,6750,6700,6700,81.1,18.9,0,2.5,0.4,,0.2,20200,106900,3146900,,718888000,583092000,135796000,
35253.2,-396500,-2661579000,9540324000,12201903000,21831470000,238563489.4,350458978.7,-1.5,51966,283,1.9,53100,25700,172947000,6710,"2023-03-09T14:00:00.000Z",1678370400000,6720,6700,6720,66,34,0,1.5,0.5,,0.5,27400,80500,3227400,,540381000,356664000,183717000,
35253.2,-412800,-2770778000,9717878000,12488656000,22295777000,238563489.4,350458978.7,1,51966,283,0.6,26500,-16300,-109199000,6710,"2023-03-09T14:05:00.000Z",1678370700000,6710,6690,6710,38.2,61.8,0,0.8,0.8,,1.6,42800,69300,3296700,,464307000,177554000,286753000,
35253.2,-408300,-2740189000,10013078000,12753267000,22855588000,238563489.4,350458978.7,-0.3,51966,283,1.1,43900,4500,30589000,6720,"2023-03-09T14:10:00.000Z",1678371000000,6730,6700,6710,52.7,47.3,0,1.2,0.8,,0.9,39400,83300,3380000,,559811000,295200000,264611000,
35253.2,-424000,-2844131000,10397973000,13242104000,23729320000,238563489.4,350458978.7,0.9,51966,283,0.8,57200,-15700,-103942000,6740,"2023-03-09T14:15:00.000Z",1678371300000,6740,6700,6710,44,56,0,1.6,1.4,,1.3,72900,130100,3510100,,873732000,384895000,488837000,
35253.2,-388600,-2603788000,11010664000,13614452000,24714359000,238563489.4,350458978.7,-2.1,51966,283,1.6,90500,35400,240343000,6750,"2023-03-09T14:20:00.000Z",1678371600000,6790,6730,6730,62.2,37.8,0,2.6,1.1,,0.6,55100,145600,3655700,,985039000,612691000,372348000,
35253.2,-538000,-3605726000,11212484000,14818210000,26119937000,238563489.4,350458978.7,9,51966,283,0.2,30000,-149400,-1001938000,6700,"2023-03-09T14:25:00.000Z",1678371900000,6740,6700,6740,14.3,85.7,0,0.9,3.5,,6,179400,209400,3865100,,1405578000,201820000,1203758000,
35253.2,-541000,-3625828000,11212484000,14838312000,26140039000,238563489.4,350458978.7,0.2,51966,283,0,,-3000,-20102000,6700,"2023-03-09T14:30:00.000Z",1678372200000,6710,6700,6710,0,100,0,,0.1,,Infinity,3000,3000,3868100,,20102000,,20102000,
35253.2,-785500,-5259088000,11212484000,16471572000,27773299000,238563489.4,350458978.7,14.6,51966,283,0,,-244500,-1633260000,6680,"2023-03-09T14:45:00.000Z",1678373100000,6680,6680,6680,0,100,0,,4.7,,Infinity,244500,244500,4112600,,1633260000,,1633260000,
