"abu","acum_busd","acum_busd_val","acum_val_bu","acum_val_sd","acum_val","avg_val_bu","avg_val_sd","rbusd","asd","auk","bs","bu","bu-sd","bu-sd_val","c","date","datetime","h","l","o","pbu","psd","puk","rbu","rsd","ruk","sb","sd","sum_vol","total_vol","uk","val","val_bu","val_sd","val_uk"
14089.1,-300,-10340000,567495000,577835000,1152310000,490640978.3,691833043.5,0.1,19882.6,3515.2,1,16200,-300,-10340000,35100,"2023-03-08T09:15:00.000Z",1678266900000,35250,34900,35000,49.2,50.2,0.6,1.1,0.8,0.1,1,16500,32900,32900,200,1152310000,567495000,577835000,6980000
14089.1,-12900,-454145000,1172490000,1626635000,2806105000,490640978.3,691833043.5,2.2,19882.6,3515.2,0.6,17200,-12600,-443805000,35100,"2023-03-08T09:20:00.000Z",1678267200000,35250,35000,35000,36.6,63.4,0,1.2,1.5,,1.7,29800,47000,79900,,1653795000,604995000,1048800000,
14089.1,-19400,-682505000,1271070000,1953575000,3231625000,490640978.3,691833043.5,1.1,19882.6,3515.2,0.3,2800,-6500,-228360000,35150,"2023-03-08T09:25:00.000Z",1678267500000,35250,35150,35150,23.1,76.9,0,0.2,0.5,,3.3,9300,12100,92000,,425520000,98580000,326940000,
14089.1,-28300,-994515000,1830800000,2825315000,4663095000,490640978.3,691833043.5,1.6,19882.6,3515.2,0.6,15900,-8900,-312010000,35250,"2023-03-08T09:30:00.000Z",1678267800000,35250,35100,35200,39.1,60.9,0,1.1,1.2,,1.6,24800,40700,132700,,1431470000,559730000,871740000,
14089.1,-30800,-1082345000,1851920000,2934265000,4793165000,490640978.3,691833043.5,0.4,19882.6,3515.2,0.2,600,-2500,-87830000,35100,"2023-03-08T09:35:00.000Z",1678268100000,35200,35100,35200,16.2,83.8,0,0,0.2,,5.2,3100,3700,136400,,130070000,21120000,108950000,
14089.1,-11000,-385425000,2833450000,3218875000,6059305000,490640978.3,691833043.5,-3.5,19882.6,3515.2,3.4,27900,19800,696920000,35200,"2023-03-08T09:40:00.000Z",1678268400000,35200,35100,35100,77.5,22.5,0,2,0.4,,0.3,8100,36000,172400,,1266140000,981530000,284610000,
14089.1,-9500,-332575000,2921450000,3254025000,6217605000,490640978.3,691833043.5,-0.3,19882.6,3515.2,2.5,2500,1500,52850000,35150,"2023-03-08T09:45:00.000Z",1678268700000,35200,35150,35150,55.6,22.2,22.2,0.2,0.1,0.3,0.4,1000,4500,176900,1000,158300000,88000000,35150000,35150000
14089.1,300,11965000,3381970000,3370005000,6794105000,490640978.3,691833043.5,-1.7,19882.6,3515.2,4,13100,9800,344540000,35200,"2023-03-08T09:50:00.000Z",1678269000000,35200,35100,35150,79.9,20.1,0,0.9,0.2,,0.3,3300,16400,193300,,576500000,460520000,115980000,
14089.1,-3300,-113610000,3800685000,3914295000,7757110000,490640978.3,691833043.5,0.6,19882.6,3515.2,0.8,11900,-3600,-125575000,35100,"2023-03-08T09:55:00.000Z",1678269300000,35200,35100,35200,43.4,56.6,0,0.8,0.8,,1.3,15500,27400,220700,,963005000,418715000,544290000,
14089.1,-3200,-109990000,3878015000,3988005000,7908150000,490640978.3,691833043.5,0,19882.6,3515.2,1,2200,100,3620000,35150,"2023-03-08T10:00:00.000Z",1678269600000,35150,35100,35150,51.2,48.8,0,0.2,0.1,,1,2100,4300,225000,,151040000,77330000,73710000,
14089.1,-15700,-548220000,4067730000,4615950000,8725810000,490640978.3,691833043.5,2.2,19882.6,3515.2,0.3,5400,-12500,-438230000,35100,"2023-03-08T10:05:00.000Z",1678269900000,35150,35050,35150,23.2,76.8,0,0.4,0.9,,3.3,17900,23300,248300,,817660000,189715000,627945000,
14089.1,-7700,-266615000,4542220000,4808835000,9712290000,490640978.3,691833043.5,-1.4,19882.6,3515.2,2.5,13500,8000,281605000,35150,"2023-03-08T10:10:00.000Z",1678270200000,35150,35000,35100,48,19.6,32.4,1,0.3,2.6,0.4,5500,28100,276400,9100,986480000,474490000,192885000,319105000
14089.1,-3000,-101605000,4833590000,4935195000,10165120000,490640978.3,691833043.5,-0.8,19882.6,3515.2,2.3,8300,4700,165010000,35100,"2023-03-08T10:15:00.000Z",1678270500000,35150,35100,35150,64.3,27.9,7.8,0.6,0.2,0.3,0.4,3600,12900,289300,1000,452830000,291370000,126360000,35100000
14089.1,-10500,-364795000,4903850000,5268645000,10568830000,490640978.3,691833043.5,1.3,19882.6,3515.2,0.2,2000,-7500,-263190000,35100,"2023-03-08T10:20:00.000Z",1678270800000,35150,35100,35100,17.4,82.6,0,0.1,0.5,,4.8,9500,11500,300800,,403710000,70260000,333450000,
14089.1,-14500,-505195000,5181140000,5686335000,11263810000,490640978.3,691833043.5,0.7,19882.6,3515.2,0.7,7900,-4000,-140400000,35100,"2023-03-08T10:25:00.000Z",1678271100000,35100,35100,35100,39.9,60.1,0,0.6,0.6,,1.5,11900,19800,320600,,694980000,277290000,417690000,
14089.1,-17600,-613995000,5223260000,5837255000,11456850000,490640978.3,691833043.5,0.5,19882.6,3515.2,0.3,1200,-3100,-108800000,35100,"2023-03-08T10:30:00.000Z",1678271400000,35100,35050,35100,21.8,78.2,0,0.1,0.2,,3.6,4300,5500,326100,,193040000,42120000,150920000,
14089.1,-54000,-1888060000,5546015000,7434075000,13376425000,490640978.3,691833043.5,6.3,19882.6,3515.2,0.2,9200,-36400,-1274065000,35000,"2023-03-08T10:35:00.000Z",1678271700000,35100,35000,35100,16.8,83.2,0,0.7,2.3,,5,45600,54800,380900,,1919575000,322755000,1596820000,
14089.1,-58600,-2048775000,5724870000,7773645000,13894850000,490640978.3,691833043.5,0.8,19882.6,3515.2,0.5,5100,-4600,-160715000,35100,"2023-03-08T10:40:00.000Z",1678272000000,35100,35000,35100,34.5,65.5,0,0.4,0.5,,1.9,9700,14800,395700,,518425000,178855000,339570000,
14089.1,-62600,-2188580000,5823065000,8011645000,14231045000,490640978.3,691833043.5,0.7,19882.6,3515.2,0.4,2800,-4000,-139805000,35050,"2023-03-08T10:45:00.000Z",1678272300000,35100,35000,35100,29.2,70.8,0,0.2,0.3,,2.4,6800,9600,405300,,336195000,98195000,238000000,
14089.1,-115400,-4035575000,5837070000,9872645000,16106050000,490640978.3,691833043.5,9.2,19882.6,3515.2,0,400,-52800,-1846995000,34950,"2023-03-08T10:50:00.000Z",1678272600000,35050,34950,35000,0.7,99.3,0,0,2.7,,133,53200,53600,458900,,1875005000,14005000,1861000000,
14089.1,-136800,-4782110000,5882425000,10664535000,16943295000,490640978.3,691833043.5,3.7,19882.6,3515.2,0.1,1300,-21400,-746535000,34900,"2023-03-08T10:55:00.000Z",1678272900000,34950,34850,34950,5.4,94.6,0,0.1,1.1,,17.5,22700,24000,482900,,837245000,45355000,791890000,
14089.1,-145800,-5095085000,6262290000,11357375000,18016000000,490640978.3,691833043.5,1.6,19882.6,3515.2,0.5,10900,-9000,-312975000,34850,"2023-03-08T11:00:00.000Z",1678273200000,34850,34800,34850,35.4,64.6,0,0.8,1,,1.8,19900,30800,513700,,1072705000,379865000,692840000,
14089.1,-148400,-5185565000,6300570000,11486135000,18183040000,490640978.3,691833043.5,0.4,19882.6,3515.2,0.3,1100,-2600,-90480000,34800,"2023-03-08T11:05:00.000Z",1678273500000,34800,34800,34800,22.9,77.1,0,0.1,0.2,,3.4,3700,4800,518500,,167040000,38280000,128760000,
14089.1,-145800,-5095100000,6630730000,11725830000,18759845000,490640978.3,691833043.5,-0.4,19882.6,3515.2,1.4,9500,2600,90465000,34750,"2023-03-08T11:10:00.000Z",1678273800000,34800,34700,34800,57.2,41.6,1.2,0.7,0.3,0.1,0.7,6900,16600,535100,200,576805000,330160000,239695000,6950000
14089.1,-152300,-5320545000,6727995000,12048540000,19179820000,490640978.3,691833043.5,1.1,19882.6,3515.2,0.3,2800,-6500,-225445000,34750,"2023-03-08T11:15:00.000Z",1678274100000,34750,34700,34750,23.1,76.9,0,0.2,0.5,,3.3,9300,12100,547200,,419975000,97265000,322710000,
14089.1,-158300,-5528745000,6852915000,12381660000,19637860000,490640978.3,691833043.5,1,19882.6,3515.2,0.4,3600,-6000,-208200000,34700,"2023-03-08T11:20:00.000Z",1678274400000,34700,34700,34700,27.3,72.7,0,0.3,0.5,,2.7,9600,13200,560400,,458040000,124920000,333120000,
14089.1,-178200,-6218355000,7554735000,13773090000,21731110000,490640978.3,691833043.5,3.4,19882.6,3515.2,0.5,20200,-19900,-689610000,34700,"2023-03-08T11:25:00.000Z",1678274700000,34750,34650,34750,33.5,66.5,0,1.4,2,,2,40100,60300,620700,,2093250000,701820000,1391430000,
14089.1,-192600,-6717115000,7721240000,14438355000,22562880000,490640978.3,691833043.5,2.5,19882.6,3515.2,0.3,4800,-14400,-498760000,34650,"2023-03-08T13:00:00.000Z",1678280400000,34700,34600,34700,20,80,0,0.3,1,,4,19200,24000,644700,,831770000,166505000,665265000,
14089.1,-181400,-6328335000,8681245000,15009580000,24260430000,490640978.3,691833043.5,-1.9,19882.6,3515.2,1.7,27700,11200,388780000,34650,"2023-03-08T13:05:00.000Z",1678280700000,34700,34600,34650,56.5,33.7,9.8,2,0.8,1.4,0.6,16500,49000,693700,4800,1697550000,960005000,571225000,166320000
14089.1,-187900,-6552115000,9602935000,16155050000,26327590000,490640978.3,691833043.5,1.1,19882.6,3515.2,0.8,26600,-6500,-223780000,34650,"2023-03-08T13:10:00.000Z",1678281000000,34650,34600,34650,44.6,55.4,0,1.9,1.7,,1.2,33100,59700,753400,,2067160000,921690000,1145470000,
14089.1,-193200,-6734495000,10500185000,17234680000,28304470000,490640978.3,691833043.5,0.9,19882.6,3515.2,0.8,25900,-5300,-182380000,34600,"2023-03-08T13:15:00.000Z",1678281300000,34700,34600,34650,45.4,54.6,0,1.8,1.6,,1.2,31200,57100,810500,,1976880000,897250000,1079630000,
14089.1,-201700,-7027570000,10960380000,17987950000,29517935000,490640978.3,691833043.5,1.5,19882.6,3515.2,0.6,13300,-8500,-293075000,34600,"2023-03-08T13:20:00.000Z",1678281600000,34650,34550,34600,37.9,62.1,0,0.9,1.1,,1.6,21800,35100,845600,,1213465000,460195000,753270000,
14089.1,-167300,-5833645000,12951240000,18784885000,32305730000,490640978.3,691833043.5,-5.9,19882.6,3515.2,2.5,57400,34400,1193925000,34750,"2023-03-08T13:25:00.000Z",1678281900000,34750,34550,34600,71.4,28.6,0,4.1,1.2,,0.4,23000,80400,926000,,2787795000,1990860000,796935000,
14089.1,-156500,-5454365000,14979310000,20433675000,35993000000,490640978.3,691833043.5,-1.9,19882.6,3515.2,1.2,58300,10800,379280000,34700,"2023-03-08T13:30:00.000Z",1678282200000,34800,34700,34750,54.9,44.8,0.3,4.1,2.4,0.1,0.8,47500,106100,1032100,300,3687270000,2028070000,1648790000,10410000
14089.1,-164900,-5744470000,15520480000,21264950000,37368910000,490640978.3,691833043.5,1.4,19882.6,3515.2,0.7,15600,-8400,-290105000,34700,"2023-03-08T13:35:00.000Z",1678282500000,34700,34600,34700,39.3,60.5,0.3,1.1,1.2,0,1.5,24000,39700,1071800,100,1375910000,541170000,831275000,3465000
14089.1,-173300,-6035580000,15867850000,21903430000,38389460000,490640978.3,691833043.5,1.4,19882.6,3515.2,0.5,10000,-8400,-291110000,34700,"2023-03-08T13:40:00.000Z",1678282800000,34750,34700,34700,34,62.6,3.4,0.7,0.9,0.3,1.8,18400,29400,1101200,1000,1020550000,347370000,638480000,34700000
14089.1,-178200,-6204600000,16398760000,22603360000,39620300000,490640978.3,691833043.5,0.8,19882.6,3515.2,0.8,15300,-4900,-169020000,34700,"2023-03-08T13:45:00.000Z",1678283100000,34700,34650,34700,43.1,56.9,0,1.1,1,,1.3,20200,35500,1136700,,1230840000,530910000,699930000,
14089.1,-185700,-6464100000,16970890000,23434990000,41024060000,490640978.3,691833043.5,1.3,19882.6,3515.2,0.7,16500,-7500,-259500000,34700,"2023-03-08T13:50:00.000Z",1678283400000,34700,34650,34700,40.7,59.3,0,1.2,1.2,,1.5,24000,40500,1177200,,1403760000,572130000,831630000,
14089.1,-164900,-5740750000,18130730000,23871480000,42637715000,490640978.3,691833043.5,-3.6,19882.6,3515.2,2.7,33400,20800,723350000,34800,"2023-03-08T13:55:00.000Z",1678283700000,34800,34600,34700,71.8,27.1,1.1,2.4,0.6,0.1,0.4,12600,46500,1223700,500,1613655000,1159840000,436490000,17325000
14089.1,-196000,-6818735000,18614225000,25432960000,44748690000,490640978.3,691833043.5,5.4,19882.6,3515.2,0.3,13900,-31100,-1077985000,34650,"2023-03-08T14:00:00.000Z",1678284000000,34800,34650,34800,22.9,74,3.1,1,2.3,0.5,3.2,45000,60800,1284500,1900,2110975000,483495000,1561480000,66000000
14089.1,-171900,-5982125000,19579040000,25561165000,45845180000,490640978.3,691833043.5,-4.2,19882.6,3515.2,7.5,27800,24100,836610000,34700,"2023-03-08T14:05:00.000Z",1678284300000,34750,34650,34650,88,11.7,0.3,2,0.2,0,0.1,3700,31600,1316100,100,1096490000,964815000,128205000,3470000
14089.1,-203900,-7090230000,20068300000,27158530000,47994175000,490640978.3,691833043.5,5.5,19882.6,3515.2,0.3,14100,-32000,-1108105000,34650,"2023-03-08T14:10:00.000Z",1678284600000,34700,34650,34650,22.7,74.4,2.9,1,2.3,0.5,3.3,46100,62000,1378100,1800,2148995000,489260000,1597365000,62370000
14089.1,-227100,-7892945000,20553625000,28446570000,49767540000,490640978.3,691833043.5,4,19882.6,3515.2,0.4,14000,-23200,-802715000,34700,"2023-03-08T14:15:00.000Z",1678284900000,34700,34600,34650,27.3,72.7,0,1,1.9,,2.7,37200,51200,1429300,,1773365000,485325000,1288040000,
14089.1,-243800,-8468670000,21835535000,30304205000,52907085000,490640978.3,691833043.5,2.9,19882.6,3515.2,0.7,36900,-16700,-575725000,34700,"2023-03-08T14:20:00.000Z",1678285200000,34800,34600,34650,40.8,59.2,0,2.6,2.7,,1.5,53600,90500,1519800,,3139545000,1281910000,1857635000,
14089.1,-266500,-9254835000,22569485000,31824320000,55195900000,490640978.3,691833043.5,3.9,19882.6,3515.2,0.5,21100,-22700,-786165000,34800,"2023-03-08T14:25:00.000Z",1678285500000,34800,34650,34700,32,66.5,1.5,1.5,2.2,0.3,2.1,43800,65900,1585700,1000,2288815000,733950000,1520115000,34750000
14089.1,-266500,-9254835000,22569485000,31824320000,60029595000,490640978.3,691833043.5,0,19882.6,3515.2,NaN,,0,0,34850,"2023-03-08T14:45:00.000Z",1678286700000,34850,34850,34850,0,0,100,,,39.5,NaN,,138700,1724400,138700,4833695000,,,4833695000
