"abu","acum_busd","acum_busd_val","acum_val_bu","acum_val_sd","acum_val","avg_val_bu","avg_val_sd","rbusd","asd","auk","bs","bu","bu-sd","bu-sd_val","c","date","datetime","h","l","o","pbu","psd","puk","rbu","rsd","ruk","sb","sd","sum_vol","total_vol","uk","val","val_bu","val_sd","val_uk"
11815.2,-8900,-347010000,315745000,662755000,978500000,454703695.7,1343609673.9,0.4,34934.8,3219.6,0.5,8100,-8900,-347010000,38900,"2023-03-20T09:15:00.000Z",1679303700000,39400,38900,39000,32.3,67.7,0,0.7,0.5,,2.1,17000,25100,25100,,978500000,315745000,662755000,
11815.2,-29100,-1129240000,1060275000,2189515000,3249790000,454703695.7,1343609673.9,0.9,34934.8,3219.6,0.5,19200,-20200,-782230000,38800,"2023-03-20T09:20:00.000Z",1679304000000,38900,38650,38900,32.8,67.2,0,1.6,1.1,,2.1,39400,58600,83700,,2271290000,744530000,1526760000,
11815.2,-55500,-2150300000,2274040000,4424340000,6698380000,454703695.7,1343609673.9,1.1,34934.8,3219.6,0.5,31300,-26400,-1021060000,38800,"2023-03-20T09:25:00.000Z",1679304300000,38900,38650,38800,35.2,64.8,0,2.6,1.7,,1.8,57700,89000,172700,,3448590000,1213765000,2234825000,
11815.2,-121800,-4719670000,3461460000,8181130000,11642590000,454703695.7,1343609673.9,2.9,34934.8,3219.6,0.3,30600,-66300,-2569370000,38700,"2023-03-20T09:30:00.000Z",1679304600000,38850,38700,38800,24,76,0,2.6,2.8,,3.2,96900,127500,300200,,4944210000,1187420000,3756790000,
11815.2,-142500,-5520345000,3740460000,9260805000,13001265000,454703695.7,1343609673.9,0.9,34934.8,3219.6,0.3,7200,-20700,-800675000,38650,"2023-03-20T09:35:00.000Z",1679304900000,38750,38650,38750,20.5,79.5,0,0.6,0.8,,3.9,27900,35100,335300,,1358675000,279000000,1079675000,
11815.2,-226900,-8779600000,4057890000,12837490000,16895380000,454703695.7,1343609673.9,3.7,34934.8,3219.6,0.1,8200,-84400,-3259255000,38550,"2023-03-20T09:40:00.000Z",1679305200000,38800,38550,38650,8.1,91.9,0,0.7,2.7,,11.3,92600,100800,436100,,3894115000,317430000,3576685000,
11815.2,-229800,-8890620000,4583115000,13473735000,18068460000,454703695.7,1343609673.9,0.1,34934.8,3219.6,0.8,13600,-2900,-111020000,38700,"2023-03-20T09:45:00.000Z",1679305500000,38700,38550,38550,44.7,54.3,1,1.2,0.5,0.1,1.2,16500,30400,466500,300,1173080000,525225000,636245000,11610000
11815.2,-224900,-8700605000,5222615000,13923220000,19157445000,454703695.7,1343609673.9,-0.2,34934.8,3219.6,1.4,16500,4900,190015000,38750,"2023-03-20T09:50:00.000Z",1679305800000,38800,38700,38750,58.7,41.3,0,1.4,0.3,,0.7,11600,28100,494600,,1088985000,639500000,449485000,
11815.2,-231600,-8959155000,5726895000,14686050000,20424555000,454703695.7,1343609673.9,0.3,34934.8,3219.6,0.7,13000,-6700,-258550000,38700,"2023-03-20T09:55:00.000Z",1679306100000,38800,38700,38750,39.8,60.2,0,1.1,0.6,,1.5,19700,32700,527300,,1267110000,504280000,762830000,
11815.2,-254500,-9843190000,6153610000,15996800000,22162020000,454703695.7,1343609673.9,1,34934.8,3219.6,0.3,11000,-22900,-884035000,38650,"2023-03-20T10:00:00.000Z",1679306400000,38800,38600,38750,24.5,75.5,0,0.9,1,,3.1,33900,44900,572200,,1737465000,426715000,1310750000,
11815.2,-283900,-10978045000,6613545000,17591590000,24216745000,454703695.7,1343609673.9,1.3,34934.8,3219.6,0.3,11900,-29400,-1134855000,38650,"2023-03-20T10:05:00.000Z",1679306700000,38650,38600,38650,22.4,77.6,0,1,1.2,,3.5,41300,53200,625400,,2054725000,459935000,1594790000,
11815.2,-294000,-11368265000,6930765000,18299030000,25241405000,454703695.7,1343609673.9,0.4,34934.8,3219.6,0.4,8200,-10100,-390220000,38700,"2023-03-20T10:10:00.000Z",1679307000000,38700,38650,38650,30.9,69.1,0,0.7,0.5,,2.2,18300,26500,651900,,1024660000,317220000,707440000,
11815.2,-294200,-11375965000,7359800000,18735765000,26107175000,454703695.7,1343609673.9,0,34934.8,3219.6,1,11100,-200,-7700000,38650,"2023-03-20T10:15:00.000Z",1679307300000,38700,38600,38650,49.6,50.4,0,0.9,0.3,,1,11300,22400,674300,,865770000,429035000,436735000,
11815.2,-488200,-18853580000,7586750000,26440330000,34038690000,454703695.7,1343609673.9,8.4,34934.8,3219.6,0,5900,-194000,-7477615000,38500,"2023-03-20T10:20:00.000Z",1679307600000,38650,38400,38650,2.9,97.1,0,0.5,5.7,,33.9,199900,205800,880100,,7931515000,226950000,7704565000,
11815.2,-488700,-18872855000,8337545000,27210400000,35559555000,454703695.7,1343609673.9,0,34934.8,3219.6,1,19500,-500,-19275000,38500,"2023-03-20T10:25:00.000Z",1679307900000,38600,38450,38500,49.4,50.6,0,1.7,0.6,,1,20000,39500,919600,,1520865000,750795000,770070000,
11815.2,-538200,-20774855000,8706970000,29481825000,38200405000,454703695.7,1343609673.9,2.1,34934.8,3219.6,0.2,9600,-49500,-1902000000,38400,"2023-03-20T10:30:00.000Z",1679308200000,38500,38400,38500,14,86,0,0.8,1.7,,6.2,59100,68700,988300,,2640850000,369425000,2271425000,
11815.2,-560200,-21619020000,9920580000,31539600000,41471790000,454703695.7,1343609673.9,0.9,34934.8,3219.6,0.6,31600,-22000,-844165000,38350,"2023-03-20T10:35:00.000Z",1679308500000,38450,38350,38450,37.1,62.9,0,2.7,1.5,,1.7,53600,85200,1073500,,3271385000,1213610000,2057775000,
11815.2,-611700,-23592195000,10239295000,33831490000,44082395000,454703695.7,1343609673.9,2.2,34934.8,3219.6,0.1,8300,-51500,-1973175000,38350,"2023-03-20T10:40:00.000Z",1679308800000,38400,38300,38400,12.2,87.8,0,0.7,1.7,,7.2,59800,68100,1141600,,2610605000,318715000,2291890000,
11815.2,-613800,-23672405000,10581430000,34253835000,44846875000,454703695.7,1343609673.9,0.1,34934.8,3219.6,0.8,8900,-2100,-80210000,38450,"2023-03-20T10:45:00.000Z",1679309100000,38450,38350,38350,44.7,55.3,0,0.8,0.3,,1.2,11000,19900,1161500,,764480000,342135000,422345000,
11815.2,-633900,-24444010000,10785215000,35229225000,46026050000,454703695.7,1343609673.9,0.9,34934.8,3219.6,0.2,5300,-20100,-771605000,38400,"2023-03-20T10:50:00.000Z",1679309400000,38450,38400,38450,17.3,82.7,0,0.4,0.7,,4.8,25400,30700,1192200,,1179175000,203785000,975390000,
11815.2,-660800,-25476965000,10789065000,36266030000,47066705000,454703695.7,1343609673.9,1.2,34934.8,3219.6,0,100,-26900,-1032955000,38400,"2023-03-20T10:55:00.000Z",1679309700000,38500,38400,38450,0.4,99.6,0,0,0.8,,270,27000,27100,1219300,,1040655000,3850000,1036805000,
11815.2,-658300,-25380205000,11081665000,36461870000,47555145000,454703695.7,1343609673.9,-0.1,34934.8,3219.6,1.5,7600,2500,96760000,38500,"2023-03-20T11:00:00.000Z",1679310000000,38500,38400,38500,59.8,40.2,0,0.6,0.1,,0.7,5100,12700,1232000,,488440000,292600000,195840000,
11815.2,-679100,-26178620000,11201010000,37379630000,48592250000,454703695.7,1343609673.9,0.9,34934.8,3219.6,0.1,3100,-20800,-798415000,38450,"2023-03-20T11:05:00.000Z",1679310300000,38500,38400,38400,11.5,88.5,0,0.3,0.7,,7.7,23900,27000,1259000,,1037105000,119345000,917760000,
11815.2,-685800,-26435555000,11320085000,37755640000,49087335000,454703695.7,1343609673.9,0.3,34934.8,3219.6,0.3,3100,-6700,-256935000,38350,"2023-03-20T11:10:00.000Z",1679310600000,38450,38300,38450,24,76,0,0.3,0.3,,3.2,9800,12900,1271900,,495085000,119075000,376010000,
11815.2,-706700,-27235275000,12171565000,39406840000,51590015000,454703695.7,1343609673.9,0.9,34934.8,3219.6,0.5,22200,-20900,-799720000,38350,"2023-03-20T11:15:00.000Z",1679310900000,38400,38300,38300,34,66,0,1.9,1.2,,1.9,43100,65300,1337200,,2502680000,851480000,1651200000,
11815.2,-712200,-27446205000,12298450000,39744655000,52054715000,454703695.7,1343609673.9,0.2,34934.8,3219.6,0.4,3300,-5500,-210930000,38450,"2023-03-20T11:20:00.000Z",1679311200000,38500,38350,38400,27.3,72.7,0,0.3,0.3,,2.7,8800,12100,1349300,,464700000,126885000,337815000,
11815.2,-723400,-27875960000,12333055000,40209015000,52553680000,454703695.7,1343609673.9,0.5,34934.8,3219.6,0.1,900,-11200,-429755000,38350,"2023-03-20T11:25:00.000Z",1679311500000,38450,38350,38450,6.9,93.1,0,0.1,0.3,,13.4,12100,13000,1362300,,498965000,34605000,464360000,
11815.2,-731500,-28185465000,12767935000,40953400000,53802065000,454703695.7,1343609673.9,0.3,34934.8,3219.6,0.6,11300,-8100,-309505000,38400,"2023-03-20T13:00:00.000Z",1679317200000,38500,38350,38350,34.8,59.7,5.5,1,0.6,0.6,1.7,19400,32500,1394800,1800,1248385000,434880000,744385000,69120000
11815.2,-735500,-28338765000,13013695000,41352460000,54446885000,454703695.7,1343609673.9,0.2,34934.8,3219.6,0.6,6400,-4000,-153300000,38400,"2023-03-20T13:05:00.000Z",1679317500000,38400,38350,38400,38.1,61.9,0,0.5,0.3,,1.6,10400,16800,1411600,,644820000,245760000,399060000,
11815.2,-765600,-29493095000,13036735000,42529830000,55647295000,454703695.7,1343609673.9,1.3,34934.8,3219.6,0,600,-30100,-1154330000,38350,"2023-03-20T13:10:00.000Z",1679317800000,38400,38350,38400,1.9,98.1,0,0.1,0.9,,51.2,30700,31300,1442900,,1200410000,23040000,1177370000,
11815.2,-749400,-28870225000,13828675000,42698900000,56608305000,454703695.7,1343609673.9,-0.7,34934.8,3219.6,4.7,20600,16200,622870000,38450,"2023-03-20T13:15:00.000Z",1679318100000,38500,38400,38400,82.4,17.6,0,1.7,0.1,,0.2,4400,25000,1467900,,961010000,791940000,169070000,
11815.2,-754900,-29081340000,14024770000,43106110000,57211610000,454703695.7,1343609673.9,0.2,34934.8,3219.6,0.5,5100,-5500,-211115000,38400,"2023-03-20T13:20:00.000Z",1679318400000,38450,38400,38450,32.5,67.5,0,0.4,0.3,,2.1,10600,15700,1483600,,603305000,196095000,407210000,
11815.2,-761600,-29338555000,14147700000,43486255000,57714685000,454703695.7,1343609673.9,0.3,34934.8,3219.6,0.3,3200,-6700,-257215000,38400,"2023-03-20T13:25:00.000Z",1679318700000,38450,38350,38400,24.4,75.6,0,0.3,0.3,,3.1,9900,13100,1496700,,503075000,122930000,380145000,
11815.2,-778800,-29998880000,14282125000,44281005000,58643860000,454703695.7,1343609673.9,0.7,34934.8,3219.6,0.2,3500,-17200,-660325000,38350,"2023-03-20T13:30:00.000Z",1679319000000,38450,38350,38450,14.5,85.5,0,0.3,0.6,,5.9,20700,24200,1520900,,929175000,134425000,794750000,
11815.2,-781800,-30113210000,14835085000,44948295000,59864110000,454703695.7,1343609673.9,0.1,34934.8,3219.6,0.8,14400,-3000,-114330000,38350,"2023-03-20T13:35:00.000Z",1679319300000,38400,38350,38400,45.3,54.7,0,1.2,0.5,,1.2,17400,31800,1552700,,1220250000,552960000,667290000,
11815.2,-795700,-30646240000,14861965000,45508205000,60450900000,454703695.7,1343609673.9,0.6,34934.8,3219.6,0,700,-13900,-533030000,38350,"2023-03-20T13:40:00.000Z",1679319600000,38400,38350,38350,4.6,95.4,0,0.1,0.4,,20.9,14600,15300,1568000,,586790000,26880000,559910000,
11815.2,-806200,-31049040000,15422645000,46471685000,61975060000,454703695.7,1343609673.9,0.5,34934.8,3219.6,0.6,14600,-10500,-402800000,38400,"2023-03-20T13:45:00.000Z",1679319900000,38450,38350,38350,36.8,63.2,0,1.2,0.7,,1.7,25100,39700,1607700,,1524160000,560680000,963480000,
11815.2,-920100,-35416490000,15484005000,50900495000,66465230000,454703695.7,1343609673.9,4.9,34934.8,3219.6,0,1600,-113900,-4367450000,38300,"2023-03-20T13:50:00.000Z",1679320200000,38400,38300,38400,1.4,98.6,0,0.1,3.3,,72.2,115500,117100,1724800,,4490170000,61360000,4428810000,
11815.2,-967700,-37237530000,16008425000,53245955000,69335110000,454703695.7,1343609673.9,2,34934.8,3219.6,0.2,13700,-47600,-1821040000,38250,"2023-03-20T13:55:00.000Z",1679320500000,38350,38200,38350,18.3,81.7,0,1.2,1.8,,4.5,61300,75000,1799800,,2869880000,524420000,2345460000,
11815.2,-991100,-38131305000,16088750000,54220055000,70389535000,454703695.7,1343609673.9,1,34934.8,3219.6,0.1,2100,-23400,-893775000,38200,"2023-03-20T14:00:00.000Z",1679320800000,38250,38200,38200,7.6,92.4,0,0.2,0.7,,12.1,25500,27600,1827400,,1054425000,80325000,974100000,
11815.2,-967100,-37212050000,18235805000,55447855000,73764390000,454703695.7,1343609673.9,-1,34934.8,3219.6,1.7,56100,24000,919255000,38300,"2023-03-20T14:05:00.000Z",1679321100000,38300,38200,38200,63.6,36.4,0,4.7,0.9,,0.6,32100,88200,1915600,,3374855000,2147055000,1227800000,
11815.2,-1056300,-40616855000,18427060000,59043915000,77551705000,454703695.7,1343609673.9,3.8,34934.8,3219.6,0.1,5000,-89200,-3404805000,38100,"2023-03-20T14:10:00.000Z",1679321400000,38300,38050,38250,5,95,0,0.4,2.7,,18.8,94200,99200,2014800,,3787315000,191255000,3596060000,
11815.2,-1035900,-39839400000,19741510000,59580910000,79403150000,454703695.7,1343609673.9,-0.9,34934.8,3219.6,2.4,34500,20400,777455000,38100,"2023-03-20T14:15:00.000Z",1679321700000,38100,38050,38100,71,29,0,2.9,0.4,,0.4,14100,48600,2063400,,1851445000,1314450000,536995000,
11815.2,-1062400,-40848725000,20115210000,60963935000,81159875000,454703695.7,1343609673.9,1.1,34934.8,3219.6,0.3,9800,-26500,-1009325000,38100,"2023-03-20T14:20:00.000Z",1679322000000,38150,38050,38100,21.3,78.7,0,0.8,1,,3.7,36300,46100,2109500,,1756725000,373700000,1383025000,
11815.2,-1063500,-40889675000,20916370000,61806045000,82803145000,454703695.7,1343609673.9,0,34934.8,3219.6,1,21000,-1100,-40950000,38150,"2023-03-20T14:25:00.000Z",1679322300000,38200,38100,38150,48.7,51.3,0,1.8,0.6,,1.1,22100,43100,2152600,,1643270000,801160000,842110000,
11815.2,-1063500,-40889675000,20916370000,61806045000,88365745000,454703695.7,1343609673.9,0,34934.8,3219.6,NaN,,0,0,38100,"2023-03-20T14:45:00.000Z",1679323500000,38100,38100,38100,0,0,100,,,45.3,NaN,,146000,2298600,146000,5562600000,,,5562600000
