"abu","acum_busd","acum_busd_val","acum_val_bu","acum_val_sd","acum_val","avg_val_bu","avg_val_sd","rbusd","asd","auk","bs","bu","bu-sd","bu-sd_val","c","date","datetime","h","l","o","pbu","psd","puk","rbu","rsd","ruk","sb","sd","sum_vol","total_vol","uk","val","val_bu","val_sd","val_uk"
67667.4,-261500,-3449810000,695750000,4145560000,4841310000,886134673.9,1580786087,5,121291.3,23754.3,0.2,52400,-261500,-3449810000,13200,"2023-03-20T09:15:00.000Z",1679303700000,13300,13150,13300,14.3,85.7,0,0.8,2.6,,6,313900,366300,366300,,4841310000,695750000,4145560000,
67667.4,-214600,-2830430000,2233550000,5063980000,7305450000,886134673.9,1580786087,-0.9,121291.3,23754.3,1.7,116500,46900,619380000,13200,"2023-03-20T09:20:00.000Z",1679304000000,13200,13150,13200,62.4,37.3,0.3,1.7,0.6,0,0.6,69600,186700,553000,600,2464140000,1537800000,918420000,7920000
67667.4,-23400,-296710000,5660025000,5956735000,11624680000,886134673.9,1580786087,-3.6,121291.3,23754.3,3.8,258600,191200,2533720000,13250,"2023-03-20T09:25:00.000Z",1679304300000,13300,13200,13250,79.3,20.7,0,3.8,0.6,,0.3,67400,326000,879000,,4319230000,3426475000,892755000,
67667.4,-88900,-1163635000,7617660000,8781295000,16406875000,886134673.9,1580786087,1.2,121291.3,23754.3,0.7,147900,-65500,-866925000,13250,"2023-03-20T09:30:00.000Z",1679304600000,13300,13200,13250,40.9,59.1,0,2.2,1.8,,1.4,213400,361300,1240300,,4782195000,1957635000,2824560000,
67667.4,-143800,-1887555000,7824340000,9711895000,17544155000,886134673.9,1580786087,1,121291.3,23754.3,0.2,15600,-54900,-723920000,13200,"2023-03-20T09:35:00.000Z",1679304900000,13250,13200,13250,18.1,81.9,0,0.2,0.6,,4.5,70500,86100,1326400,,1137280000,206680000,930600000,
67667.4,-125400,-1644045000,8178355000,9822400000,18008675000,886134673.9,1580786087,-0.4,121291.3,23754.3,3.2,26800,18400,243510000,13250,"2023-03-20T09:40:00.000Z",1679305200000,13250,13150,13200,76.1,23.9,0,0.4,0.1,,0.3,8400,35200,1361600,,464520000,354015000,110505000,
67667.4,-152600,-2002625000,8300255000,10302880000,18611055000,886134673.9,1580786087,0.5,121291.3,23754.3,0.3,9200,-27200,-358580000,13250,"2023-03-20T09:45:00.000Z",1679305500000,13250,13200,13250,20.2,79.8,0,0.1,0.3,,4,36400,45600,1407200,,602380000,121900000,480480000,
67667.4,29000,405340000,11174180000,10768840000,21950940000,886134673.9,1580786087,-3.5,121291.3,23754.3,6.1,216900,181600,2407965000,13250,"2023-03-20T09:50:00.000Z",1679305800000,13250,13200,13250,86,14,0,3.2,0.3,,0.2,35300,252200,1659400,,3339885000,2873925000,465960000,
67667.4,72100,976565000,11785005000,10808440000,22601365000,886134673.9,1580786087,-0.8,121291.3,23754.3,15.4,46100,43100,571225000,13250,"2023-03-20T09:55:00.000Z",1679306100000,13250,13200,13250,93.9,6.1,0,0.7,0,,0.1,3000,49100,1708500,,650425000,610825000,39600000,
67667.4,69500,942935000,11967855000,11024920000,23000695000,886134673.9,1580786087,0,121291.3,23754.3,0.8,13800,-2600,-33630000,13250,"2023-03-20T10:00:00.000Z",1679306400000,13250,13200,13250,45.7,54.3,0,0.2,0.1,,1.2,16400,30200,1738700,,399330000,182850000,216480000,
67667.4,-1200,10305000,12129505000,12119200000,24256625000,886134673.9,1580786087,1.3,121291.3,23754.3,0.1,12200,-70700,-932630000,13250,"2023-03-20T10:05:00.000Z",1679306700000,13250,13200,13250,12.8,87.2,0,0.2,0.7,,6.8,82900,95100,1833800,,1255930000,161650000,1094280000,
67667.4,-85600,-1103535000,12224785000,13328320000,25561025000,886134673.9,1580786087,1.6,121291.3,23754.3,0.1,7200,-84400,-1113840000,13200,"2023-03-20T10:10:00.000Z",1679307000000,13250,13200,13200,7.3,92.7,0,0.1,0.8,,12.7,91600,98800,1932600,,1304400000,95280000,1209120000,
67667.4,-37700,-470110000,13159345000,13629455000,26796720000,886134673.9,1580786087,-0.9,121291.3,23754.3,3.1,70800,47900,633425000,13150,"2023-03-20T10:15:00.000Z",1679307300000,13200,13150,13200,75.6,24.4,0,1,0.2,,0.3,22900,93700,2026300,,1235695000,934560000,301135000,
67667.4,-296700,-3875420000,13481805000,17357225000,30846950000,886134673.9,1580786087,4.9,121291.3,23754.3,0.1,24500,-259000,-3405310000,13150,"2023-03-20T10:20:00.000Z",1679307600000,13200,13100,13200,8,92,0,0.4,2.3,,11.6,283500,308000,2334300,,4050230000,322460000,3727770000,
67667.4,-253500,-3306525000,14246585000,17553110000,31807615000,886134673.9,1580786087,-0.8,121291.3,23754.3,3.9,58100,43200,568895000,13200,"2023-03-20T10:25:00.000Z",1679307900000,13200,13100,13150,79.6,20.4,0,0.9,0.1,,0.3,14900,73000,2407300,,960665000,764780000,195885000,
67667.4,-264300,-3448195000,14338985000,17787180000,32134085000,886134673.9,1580786087,0.2,121291.3,23754.3,0.4,7000,-10800,-141670000,13150,"2023-03-20T10:30:00.000Z",1679308200000,13200,13150,13150,28.2,71.8,0,0.1,0.1,,2.5,17800,24800,2432100,,326470000,92400000,234070000,
67667.4,-275800,-3598965000,14459105000,18058070000,32525095000,886134673.9,1580786087,0.2,121291.3,23754.3,0.4,9100,-11500,-150770000,13150,"2023-03-20T10:35:00.000Z",1679308500000,13200,13150,13200,30.6,69.4,0,0.1,0.2,,2.3,20600,29700,2461800,,391010000,120120000,270890000,
67667.4,-374500,-4895350000,14655175000,19550525000,34213620000,886134673.9,1580786087,1.9,121291.3,23754.3,0.1,14900,-98700,-1296385000,13150,"2023-03-20T10:40:00.000Z",1679308800000,13200,13100,13150,11.6,88.4,0,0.2,0.9,,7.6,113600,128500,2590300,,1688525000,196070000,1492455000,
67667.4,-322300,-4208865000,15356070000,19564935000,34928925000,886134673.9,1580786087,-1,121291.3,23754.3,48.5,53300,52200,686485000,13150,"2023-03-20T10:45:00.000Z",1679309100000,13150,13100,13150,98,2,0,0.8,0,,0,1100,54400,2644700,,715305000,700895000,14410000,
67667.4,-329700,-4305765000,15464310000,19770075000,35242305000,886134673.9,1580786087,0.1,121291.3,23754.3,0.5,8200,-7400,-96900000,13150,"2023-03-20T10:50:00.000Z",1679309400000,13200,13150,13200,34.5,65.5,0,0.1,0.1,,1.9,15600,23800,2668500,,313380000,108240000,205140000,
67667.4,-273600,-3564680000,16353990000,19918670000,36280580000,886134673.9,1580786087,-1.1,121291.3,23754.3,6,67400,56100,741085000,13200,"2023-03-20T10:55:00.000Z",1679309700000,13200,13150,13150,85.6,14.4,0,1,0.1,,0.2,11300,78700,2747200,,1038275000,889680000,148595000,
67667.4,-340200,-4440095000,16452990000,20893085000,37353995000,886134673.9,1580786087,1.3,121291.3,23754.3,0.1,7500,-66600,-875415000,13200,"2023-03-20T11:00:00.000Z",1679310000000,13200,13150,13200,9.2,90.8,0,0.1,0.6,,9.9,74100,81600,2828800,,1073415000,99000000,974415000,
67667.4,-325600,-4246895000,16973045000,21219940000,38200905000,886134673.9,1580786087,-0.3,121291.3,23754.3,1.6,39500,14600,193200000,13150,"2023-03-20T11:05:00.000Z",1679310300000,13200,13100,13150,61.3,38.7,0,0.6,0.2,,0.6,24900,64400,2893200,,846910000,520055000,326855000,
67667.4,-307900,-4013735000,17312315000,21326050000,38646285000,886134673.9,1580786087,-0.3,121291.3,23754.3,3.2,25800,17700,233160000,13150,"2023-03-20T11:10:00.000Z",1679310600000,13150,13100,13150,76.1,23.9,0,0.4,0.1,,0.3,8100,33900,2927100,,445380000,339270000,106110000,
67667.4,-308000,-4014270000,17516140000,21530410000,39054470000,886134673.9,1580786087,0,121291.3,23754.3,1,15500,-100,-535000,13150,"2023-03-20T11:15:00.000Z",1679310900000,13150,13100,13150,49.8,50.2,0,0.2,0.1,,1,15600,31100,2958200,,408185000,203825000,204360000,
67667.4,-283400,-3690215000,17988225000,21678440000,39674585000,886134673.9,1580786087,-0.5,121291.3,23754.3,3.2,35900,24600,324055000,13150,"2023-03-20T11:20:00.000Z",1679311200000,13150,13100,13150,76.1,23.9,0,0.5,0.1,,0.3,11300,47200,3005400,,620115000,472085000,148030000,
67667.4,-338700,-4414065000,18140765000,22554830000,40703515000,886134673.9,1580786087,1,121291.3,23754.3,0.2,11600,-55300,-723850000,13150,"2023-03-20T11:25:00.000Z",1679311500000,13150,13100,13150,14.8,85.2,0,0.2,0.6,,5.8,66900,78500,3083900,,1028930000,152540000,876390000,
67667.4,-385600,-5027840000,18302510000,23330350000,41640780000,886134673.9,1580786087,0.9,121291.3,23754.3,0.2,12300,-46900,-613775000,13150,"2023-03-20T13:00:00.000Z",1679317200000,13150,13100,13100,17.2,82.8,0,0.2,0.5,,4.8,59200,71500,3155400,,937265000,161745000,775520000,
67667.4,-494300,-6450875000,18548415000,24999290000,43555625000,886134673.9,1580786087,2,121291.3,23754.3,0.1,18700,-108700,-1423035000,13100,"2023-03-20T13:05:00.000Z",1679317500000,13150,13100,13150,12.8,87.2,0,0.3,1.1,,6.8,127400,146100,3301500,,1914845000,245905000,1668940000,
67667.4,-636300,-8309405000,19546635000,27856040000,47410595000,886134673.9,1580786087,2.7,121291.3,23754.3,0.3,76200,-142000,-1858530000,13100,"2023-03-20T13:10:00.000Z",1679317800000,13100,13050,13100,25.9,74.1,0,1.1,1.8,,2.9,218200,294400,3595900,,3854970000,998220000,2856750000,
67667.4,-512000,-6680505000,21767400000,28447905000,50223225000,886134673.9,1580786087,-2.3,121291.3,23754.3,3.8,169500,124300,1628900000,13100,"2023-03-20T13:15:00.000Z",1679318100000,13150,13050,13050,78.9,21.1,0,2.5,0.4,,0.3,45200,214700,3810600,,2812630000,2220765000,591865000,
67667.4,-499000,-6509735000,22060840000,28570575000,50639335000,886134673.9,1580786087,-0.2,121291.3,23754.3,2.4,22400,13000,170770000,13100,"2023-03-20T13:20:00.000Z",1679318400000,13100,13050,13100,70.4,29.6,0,0.3,0.1,,0.4,9400,31800,3842400,,416110000,293440000,122670000,
67667.4,-492100,-6419145000,22203630000,28622775000,50834325000,886134673.9,1580786087,-0.1,121291.3,23754.3,2.7,10900,6900,90590000,13100,"2023-03-20T13:25:00.000Z",1679318700000,13100,13050,13100,73.2,26.8,0,0.2,0,,0.4,4000,14900,3857300,,194990000,142790000,52200000,
67667.4,-809800,-10563220000,22895360000,33458580000,56361860000,886134673.9,1580786087,6,121291.3,23754.3,0.1,53000,-317700,-4144075000,13050,"2023-03-20T13:30:00.000Z",1679319000000,13100,13000,13100,12.5,87.5,0,0.8,3.1,,7,370700,423700,4281000,,5527535000,691730000,4835805000,
67667.4,-749700,-9778640000,23837755000,33616395000,57462070000,886134673.9,1580786087,-1.1,121291.3,23754.3,6,72200,60100,784580000,13100,"2023-03-20T13:35:00.000Z",1679319300000,13100,13000,13000,85.6,14.4,0,1.1,0.1,,0.2,12100,84300,4365300,,1100210000,942395000,157815000,
67667.4,-759700,-9908125000,24103685000,34011810000,58123415000,886134673.9,1580786087,0.2,121291.3,23754.3,0.7,20300,-10000,-129485000,13100,"2023-03-20T13:40:00.000Z",1679319600000,13100,13050,13100,40.1,59.9,0,0.3,0.2,,1.5,30300,50600,4415900,,661345000,265930000,395415000,
67667.4,-819700,-10690470000,24275295000,34965765000,59248980000,886134673.9,1580786087,1.1,121291.3,23754.3,0.2,13100,-60000,-782345000,13100,"2023-03-20T13:45:00.000Z",1679319900000,13100,13050,13100,15.2,84.8,0,0.2,0.6,,5.6,73100,86200,4502100,,1125565000,171610000,953955000,
67667.4,-1404900,-18297350000,25251540000,43548890000,68808350000,886134673.9,1580786087,11,121291.3,23754.3,0.1,74800,-585200,-7606880000,13000,"2023-03-20T13:50:00.000Z",1679320200000,13100,12950,13100,10.2,89.8,0,1.1,5.4,,8.8,660000,734800,5236900,,9559370000,976245000,8583125000,
67667.4,-2013400,-26156150000,27281695000,53437845000,80727460000,886134673.9,1580786087,11.3,121291.3,23754.3,0.2,156200,-608500,-7858800000,12950,"2023-03-20T13:55:00.000Z",1679320500000,13050,12900,13000,17,83,0,2.3,6.3,,4.9,764700,920900,6157800,,11919110000,2030155000,9888955000,
67667.4,-2069300,-26879360000,27713625000,54592985000,82314530000,886134673.9,1580786087,1,121291.3,23754.3,0.4,33300,-55900,-723210000,13000,"2023-03-20T14:00:00.000Z",1679320800000,13000,12950,12950,27.2,72.8,0,0.5,0.7,,2.7,89200,122500,6280300,,1587070000,431930000,1155140000,
67667.4,-1980500,-25720110000,30344955000,56065065000,86417940000,886134673.9,1580786087,-1.7,121291.3,23754.3,1.8,202400,88800,1159250000,12950,"2023-03-20T14:05:00.000Z",1679321100000,13050,12950,12950,64.1,35.9,0,3,0.9,,0.6,113600,316000,6596300,,4103410000,2631330000,1472080000,
67667.4,-2740200,-35503605000,31908630000,67412235000,99328785000,886134673.9,1580786087,14.1,121291.3,23754.3,0.1,121500,-759700,-9783495000,12850,"2023-03-20T14:10:00.000Z",1679321400000,12950,12800,12950,12.1,87.9,0,1.8,7.3,,7.3,881200,1002700,7599000,,12910845000,1563675000,11347170000,
67667.4,-2688200,-34830625000,33692290000,68522915000,102223125000,886134673.9,1580786087,-1,121291.3,23754.3,1.6,138200,52000,672980000,12950,"2023-03-20T14:15:00.000Z",1679321700000,12950,12850,12900,61.6,38.4,0,2,0.7,,0.6,86200,224400,7823400,,2894340000,1783660000,1110680000,
67667.4,-2635400,-34146335000,35330530000,69476865000,104815315000,886134673.9,1580786087,-1,121291.3,23754.3,1.7,126500,52800,684290000,12950,"2023-03-20T14:20:00.000Z",1679322000000,13000,12900,12950,63.2,36.8,0,1.9,0.6,,0.6,73700,200200,8023600,,2592190000,1638240000,953950000,
67667.4,-2466700,-31953965000,40762195000,72716160000,113486275000,886134673.9,1580786087,-3.2,121291.3,23754.3,1.7,418900,168700,2192370000,12950,"2023-03-20T14:25:00.000Z",1679322300000,13000,12900,12950,62.6,37.4,0,6.2,2.1,,0.6,250200,669100,8692700,,8670960000,5431665000,3239295000,
67667.4,-2466700,-31953965000,40762195000,72716160000,127519760000,886134673.9,1580786087,0,121291.3,23754.3,NaN,,0,0,12850,"2023-03-20T14:45:00.000Z",1679323500000,12850,12850,12850,0,0,100,,,46,NaN,,1092100,9784800,1092100,14033485000,,,14033485000
