"abu","acum_busd","acum_busd_val","acum_val_bu","acum_val_sd","acum_val","avg_val_bu","avg_val_sd","rbusd","asd","auk","bs","bu","bu-sd","bu-sd_val","c","date","datetime","h","l","o","pbu","psd","puk","rbu","rsd","ruk","sb","sd","sum_vol","total_vol","uk","val","val_bu","val_sd","val_uk"
95610.9,900,14960000,3281755000,3266795000,8399850000,1570283695.7,1976060978.3,0,120552.2,12710.9,1,198300,900,14960000,16600,"2023-03-28T09:15:00.000Z",1679994900000,16600,16450,16500,39,38.9,22.1,2.1,1.6,8.8,1,197400,507900,507900,112200,8399850000,3281755000,3266795000,1851300000
95610.9,-194300,-3207980000,4619275000,7827255000,14297830000,1570283695.7,1976060978.3,7.9,120552.2,12710.9,0.3,81000,-195200,-3222940000,16450,"2023-03-28T09:20:00.000Z",1679995200000,16600,16450,16550,22.7,77.3,0,0.8,2.3,,3.4,276200,357200,865100,,5897980000,1337520000,4560460000,
95610.9,-222800,-3674080000,5518525000,9192605000,16562430000,1570283695.7,1976060978.3,1.1,120552.2,12710.9,0.7,54500,-28500,-466100000,16450,"2023-03-28T09:25:00.000Z",1679995500000,16500,16450,16450,39.6,60.4,0,0.6,0.7,,1.5,83000,137500,1002600,,2264600000,899250000,1365350000,
95610.9,-262400,-4323635000,6133975000,10457610000,18442885000,1570283695.7,1976060978.3,1.6,120552.2,12710.9,0.5,37300,-39600,-649555000,16450,"2023-03-28T09:30:00.000Z",1679995800000,16500,16450,16450,32.7,67.3,0,0.4,0.6,,2.1,76900,114200,1116800,,1880455000,615450000,1265005000,
95610.9,-285400,-4700320000,6683425000,11383745000,19918470000,1570283695.7,1976060978.3,0.9,120552.2,12710.9,0.6,33300,-23000,-376685000,16450,"2023-03-28T09:35:00.000Z",1679996100000,16500,16450,16500,37.2,62.8,0,0.3,0.5,,1.7,56300,89600,1206400,,1475585000,549450000,926135000,
95610.9,-82800,-1356180000,11010445000,12366625000,25228370000,1570283695.7,1976060978.3,-8.2,120552.2,12710.9,4.4,262200,202600,3344140000,16500,"2023-03-28T09:40:00.000Z",1679996400000,16550,16450,16450,81.5,18.5,0,2.7,0.5,,0.2,59600,321800,1528200,,5309900000,4327020000,982880000,
95610.9,-351200,-5784140000,11748585000,17532725000,31132610000,1570283695.7,1976060978.3,10.9,120552.2,12710.9,0.1,44700,-268400,-4427960000,16450,"2023-03-28T09:45:00.000Z",1679996700000,16550,16450,16500,12.5,87.5,0,0.5,2.6,,7,313100,357800,1886000,,5904240000,738140000,5166100000,
95610.9,-378100,-6224770000,12367335000,18592105000,32810740000,1570283695.7,1976060978.3,1.1,120552.2,12710.9,0.6,37500,-26900,-440630000,16450,"2023-03-28T09:50:00.000Z",1679997000000,16500,16450,16450,36.8,63.2,0,0.4,0.5,,1.7,64400,101900,1987900,,1678130000,618750000,1059380000,
95610.9,-349600,-5753520000,13167585000,18921105000,33939990000,1570283695.7,1976060978.3,-1.2,120552.2,12710.9,2.4,48500,28500,471250000,16450,"2023-03-28T09:55:00.000Z",1679997300000,16500,16450,16500,70.8,29.2,0,0.5,0.2,,0.4,20000,68500,2056400,,1129250000,800250000,329000000,
95610.9,-388700,-6395985000,13408485000,19804470000,35064255000,1570283695.7,1976060978.3,1.6,120552.2,12710.9,0.3,14600,-39100,-642465000,16450,"2023-03-28T10:00:00.000Z",1679997600000,16500,16450,16450,21.4,78.6,0,0.2,0.4,,3.7,53700,68300,2124700,,1124265000,240900000,883365000,
95610.9,-775500,-12757740000,13555140000,26312880000,41719320000,1570283695.7,1976060978.3,15.7,120552.2,12710.9,0,8900,-386800,-6361755000,16400,"2023-03-28T10:05:00.000Z",1679997900000,16500,16400,16450,2.2,97.8,0,0.1,3.3,,44.5,395700,404600,2529300,,6655065000,146655000,6508410000,
95610.9,-790600,-13003830000,14065090000,27068920000,42985310000,1570283695.7,1976060978.3,0.6,120552.2,12710.9,0.7,31000,-15100,-246090000,16450,"2023-03-28T10:10:00.000Z",1679998200000,16450,16400,16400,40.2,59.8,0,0.3,0.4,,1.5,46100,77100,2606400,,1265990000,509950000,756040000,
95610.9,-1073600,-17642475000,14391960000,32034435000,48277695000,1570283695.7,1976060978.3,11.4,120552.2,12710.9,0.1,19900,-283000,-4638645000,16400,"2023-03-28T10:15:00.000Z",1679998500000,16450,16350,16400,6.2,93.8,0,0.2,2.5,,15.2,302900,322800,2929200,,5292385000,326870000,4965515000,
95610.9,-1297600,-21304435000,15427205000,36731640000,54010145000,1570283695.7,1976060978.3,9,120552.2,12710.9,0.2,63300,-224000,-3661960000,16350,"2023-03-28T10:20:00.000Z",1679998800000,16400,16300,16350,18.1,81.9,0,0.7,2.4,,4.5,287300,350600,3279800,,5732450000,1035245000,4697205000,
95610.9,-1391500,-22839150000,15869200000,38708350000,56428850000,1570283695.7,1976060978.3,3.8,120552.2,12710.9,0.2,27000,-93900,-1534715000,16350,"2023-03-28T10:25:00.000Z",1679999100000,16400,16300,16350,18.3,81.7,0,0.3,1,,4.5,120900,147900,3427700,,2418705000,441995000,1976710000,
95610.9,-1382600,-22691640000,16523560000,39215200000,57590060000,1570283695.7,1976060978.3,-0.4,120552.2,12710.9,1.3,39900,8900,147510000,16350,"2023-03-28T10:30:00.000Z",1679999400000,16400,16350,16400,56.3,43.7,0,0.4,0.3,,0.8,31000,70900,3498600,,1161210000,654360000,506850000,
95610.9,-1387100,-22764805000,16658040000,39422845000,57932185000,1570283695.7,1976060978.3,0.2,120552.2,12710.9,0.6,8200,-4500,-73165000,16350,"2023-03-28T10:35:00.000Z",1679999700000,16400,16350,16350,39.2,60.8,0,0.1,0.1,,1.5,12700,20900,3519500,,342125000,134480000,207645000,
95610.9,-1539200,-25251525000,16695760000,41947285000,60494345000,1570283695.7,1976060978.3,6.1,120552.2,12710.9,0,2300,-152100,-2486720000,16350,"2023-03-28T10:40:00.000Z",1680000000000,16400,16350,16350,1.5,98.5,0,0,1.3,,67.1,154400,156700,3676200,,2562160000,37720000,2524440000,
95610.9,-1660600,-27234230000,17011315000,44245545000,63108160000,1570283695.7,1976060978.3,4.9,120552.2,12710.9,0.1,19300,-121400,-1982705000,16350,"2023-03-28T10:45:00.000Z",1680000300000,16350,16300,16350,12.1,87.9,0,0.2,1.2,,7.3,140700,160000,3836200,,2613815000,315555000,2298260000,
95610.9,-1525100,-25018270000,19965860000,44984130000,66801290000,1570283695.7,1976060978.3,-5.5,120552.2,12710.9,4,180700,135500,2215960000,16350,"2023-03-28T10:50:00.000Z",1680000600000,16400,16300,16350,80,20,0,1.9,0.4,,0.3,45200,225900,4062100,,3693130000,2954545000,738585000,
95610.9,-1600600,-26252695000,19983845000,46236540000,68071685000,1570283695.7,1976060978.3,3,120552.2,12710.9,0,1100,-75500,-1234425000,16350,"2023-03-28T10:55:00.000Z",1680000900000,16350,16350,16350,1.4,98.6,0,0,0.6,,69.6,76600,77700,4139800,,1270395000,17985000,1252410000,
95610.9,-1568200,-25722400000,20643230000,46365630000,68860160000,1570283695.7,1976060978.3,-1.3,120552.2,12710.9,5.1,40300,32400,530295000,16350,"2023-03-28T11:00:00.000Z",1680001200000,16400,16300,16350,83.6,16.4,0,0.4,0.1,,0.2,7900,48200,4188000,,788475000,659385000,129090000,
95610.9,-1587100,-26031075000,20754750000,46785825000,69391875000,1570283695.7,1976060978.3,0.8,120552.2,12710.9,0.3,6800,-18900,-308675000,16350,"2023-03-28T11:05:00.000Z",1680001500000,16400,16350,16350,20.9,79.1,0,0.1,0.2,,3.8,25700,32500,4220500,,531715000,111520000,420195000,
95610.9,-1591300,-26099340000,20887590000,46986930000,69725820000,1570283695.7,1976060978.3,0.2,120552.2,12710.9,0.7,8100,-4200,-68265000,16400,"2023-03-28T11:10:00.000Z",1680001800000,16400,16350,16350,39.7,60.3,0,0.1,0.1,,1.5,12300,20400,4240900,,333945000,132840000,201105000,
95610.9,-1588600,-26054890000,20987630000,47042520000,69881450000,1570283695.7,1976060978.3,-0.1,120552.2,12710.9,1.8,6100,2700,44450000,16350,"2023-03-28T11:15:00.000Z",1680002100000,16400,16350,16400,64.2,35.8,0,0.1,0,,0.6,3400,9500,4250400,,155630000,100040000,55590000,
95610.9,-1588500,-26052865000,21115550000,47168415000,70135265000,1570283695.7,1976060978.3,0,120552.2,12710.9,1,7800,100,2025000,16400,"2023-03-28T11:20:00.000Z",1680002400000,16400,16350,16350,50.3,49.7,0,0.1,0.1,,1,7700,15500,4265900,,253815000,127920000,125895000,
95610.9,-1588500,-26052570000,21212310000,47264880000,70328490000,1570283695.7,1976060978.3,0,120552.2,12710.9,1,5900,0,295000,16400,"2023-03-28T11:25:00.000Z",1680002700000,16400,16350,16400,50,50,0,0.1,0,,1,5900,11800,4277700,,193225000,96760000,96465000,
95610.9,-1628600,-26706830000,21663310000,48370140000,71884750000,1570283695.7,1976060978.3,1.6,120552.2,12710.9,0.4,27500,-40100,-654260000,16350,"2023-03-28T13:00:00.000Z",1680008400000,16400,16350,16400,28.9,71.1,0,0.3,0.6,,2.5,67600,95100,4372800,,1556260000,451000000,1105260000,
95610.9,-1702600,-27915930000,21925710000,49841640000,73618650000,1570283695.7,1976060978.3,3,120552.2,12710.9,0.2,16000,-74000,-1209100000,16350,"2023-03-28T13:05:00.000Z",1680008700000,16400,16350,16350,15.1,84.9,0,0.2,0.7,,5.6,90000,106000,4478800,,1733900000,262400000,1471500000,
95610.9,-1328800,-21784770000,28452935000,50237705000,80541940000,1570283695.7,1976060978.3,-15.1,120552.2,12710.9,16.4,398000,373800,6131160000,16400,"2023-03-28T13:10:00.000Z",1680009000000,16450,16350,16400,94.3,5.7,0,4.2,0.2,,0.1,24200,422200,4901000,,6923290000,6527225000,396065000,
95610.9,-1461600,-23962390000,28551635000,52514025000,82916960000,1570283695.7,1976060978.3,5.4,120552.2,12710.9,0,6000,-132800,-2177620000,16400,"2023-03-28T13:15:00.000Z",1680009300000,16450,16400,16400,4.1,95.9,0,0.1,1.2,,23.1,138800,144800,5045800,,2375020000,98700000,2276320000,
95610.9,-1431700,-23471990000,30688565000,54160555000,86700420000,1570283695.7,1976060978.3,-1.2,120552.2,12710.9,1.3,130300,29900,490400000,16400,"2023-03-28T13:20:00.000Z",1680009600000,16450,16350,16400,56.5,43.5,0,1.4,0.8,,0.8,100400,230700,5276500,,3783460000,2136930000,1646530000,
95610.9,-1449300,-23759395000,30805005000,54564400000,87220705000,1570283695.7,1976060978.3,0.7,120552.2,12710.9,0.3,7100,-17600,-287405000,16350,"2023-03-28T13:25:00.000Z",1680009900000,16400,16350,16400,22.3,77.7,0,0.1,0.2,,3.5,24700,31800,5308300,,520285000,116440000,403845000,
95610.9,-1528200,-25049325000,30832885000,55882210000,88566395000,1570283695.7,1976060978.3,3.2,120552.2,12710.9,0,1700,-78900,-1289930000,16350,"2023-03-28T13:30:00.000Z",1680010200000,16400,16350,16350,2.1,97.9,0,0,0.7,,47.4,80600,82300,5390600,,1345690000,27880000,1317810000,
95610.9,-1839500,-30134940000,30870500000,61005440000,93727240000,1570283695.7,1976060978.3,12.5,120552.2,12710.9,0,2300,-311300,-5085615000,16300,"2023-03-28T13:35:00.000Z",1680010500000,16400,16300,16350,0.7,99.3,0,0,2.6,,136.3,313600,315900,5706500,,5160845000,37615000,5123230000,
95610.9,-2038000,-33369525000,31186055000,64555580000,97592935000,1570283695.7,1976060978.3,8,120552.2,12710.9,0.1,19300,-198500,-3234585000,16300,"2023-03-28T13:40:00.000Z",1680010800000,16350,16300,16350,8.1,91.9,0,0.2,1.8,,11.3,217800,237100,5943600,,3865695000,315555000,3550140000,
95610.9,-2217200,-36290485000,31745145000,68035630000,101632075000,1570283695.7,1976060978.3,7.2,120552.2,12710.9,0.2,34300,-179200,-2920960000,16300,"2023-03-28T13:45:00.000Z",1680011100000,16300,16300,16300,13.8,86.2,0,0.4,1.8,,6.2,213500,247800,6191400,,4039140000,559090000,3480050000,
95610.9,-2296300,-37579810000,32203180000,69782990000,103837470000,1570283695.7,1976060978.3,3.2,120552.2,12710.9,0.3,28100,-79100,-1289325000,16300,"2023-03-28T13:50:00.000Z",1680011400000,16350,16300,16300,20.8,79.2,0,0.3,0.9,,3.8,107200,135300,6326700,,2205395000,458035000,1747360000,
95610.9,-2207700,-36130940000,34382635000,70513575000,106747510000,1570283695.7,1976060978.3,-3.6,120552.2,12710.9,3,133300,88600,1448870000,16350,"2023-03-28T13:55:00.000Z",1680011700000,16350,16300,16350,74.9,25.1,0,1.4,0.4,,0.3,44700,178000,6504700,,2910040000,2179455000,730585000,
95610.9,-1916900,-31372210000,39320950000,70693160000,111865410000,1570283695.7,1976060978.3,-11.7,120552.2,12710.9,27.4,301800,290800,4758730000,16350,"2023-03-28T14:00:00.000Z",1680012000000,16400,16300,16350,96.5,3.5,0,3.2,0.1,,0,11000,312800,6817500,,5117900000,4938315000,179585000,
95610.9,-1429900,-23378370000,48943010000,72321380000,123115690000,1570283695.7,1976060978.3,-19.7,120552.2,12710.9,5.9,586300,487000,7993840000,16450,"2023-03-28T14:05:00.000Z",1680012300000,16450,16350,16400,85.5,14.5,0,6.1,0.8,,0.2,99300,685600,7503100,,11250280000,9622060000,1628220000,
95610.9,-720600,-11695920000,62530155000,74226075000,138607530000,1570283695.7,1976060978.3,-28.8,120552.2,12710.9,7.1,825100,709300,11682450000,16500,"2023-03-28T14:10:00.000Z",1680012600000,16500,16400,16450,87.7,12.3,0,8.6,1,,0.1,115800,940900,8444000,,15491840000,13587145000,1904695000,
95610.9,-1045400,-17021540000,65095645000,82117185000,149064130000,1570283695.7,1976060978.3,13.1,120552.2,12710.9,0.3,155900,-324800,-5325620000,16400,"2023-03-28T14:15:00.000Z",1680012900000,16500,16350,16450,24.5,75.5,0,1.6,4,,3.1,480700,636600,9080600,,10456600000,2565490000,7891110000,
95610.9,-1085300,-17671455000,67046940000,84718395000,153616635000,1570283695.7,1976060978.3,1.6,120552.2,12710.9,0.7,119200,-39900,-649915000,16350,"2023-03-28T14:20:00.000Z",1680013200000,16400,16300,16400,42.8,57.2,0,1.2,1.3,,1.3,159100,278300,9358900,,4552505000,1951295000,2601210000,
95610.9,-1147300,-18665755000,72233050000,90898805000,164983155000,1570283695.7,1976060978.3,2.5,120552.2,12710.9,0.8,317400,-62000,-994300000,16300,"2023-03-28T14:25:00.000Z",1680013500000,16400,16250,16350,45.6,54.4,0,3.3,3.1,,1.2,379400,696800,10055700,,11366520000,5186110000,6180410000,
95610.9,-1147300,-18665755000,72233050000,90898805000,172661280000,1570283695.7,1976060978.3,0,120552.2,12710.9,NaN,,0,0,16250,"2023-03-28T14:45:00.000Z",1680014700000,16250,16250,16250,0,0,100,,,37.2,NaN,,472500,10528200,472500,7678125000,,,7678125000
