"abu","acum_busd","acum_busd_val","acum_val_bu","acum_val_sd","acum_val","avg_val_bu","avg_val_sd","rbusd","asd","auk","bs","bu","bu-sd","bu-sd_val","c","date","datetime","h","l","o","pbu","psd","puk","rbu","rsd","ruk","sb","sd","sum_vol","total_vol","uk","val","val_bu","val_sd","val_uk"
58434,264000,1812665000,2811739000,999074000,3810813000,398853680.9,511293170.2,-16.1,75248.9,5129.8,2.8,408400,264000,1812665000,6920,"2023-03-28T09:15:00.000Z",1679994900000,6960,6790,6790,73.9,26.1,0,7,1.9,,0.4,144400,552800,552800,,3810813000,2811739000,999074000,
58434,288700,1984246000,4092392000,2108146000,6200538000,398853680.9,511293170.2,-1.5,75248.9,5129.8,1.2,185700,24700,171581000,6860,"2023-03-28T09:20:00.000Z",1679995200000,6920,6860,6910,53.6,46.4,0,3.2,2.1,,0.9,161000,346700,899500,,2389725000,1280653000,1109072000,
58434,312500,2148501000,5005946000,2857445000,7863391000,398853680.9,511293170.2,-1.5,75248.9,5129.8,1.2,132700,23800,164255000,6880,"2023-03-28T09:25:00.000Z",1679995500000,6900,6860,6870,54.9,45.1,0,2.3,1.4,,0.8,108900,241600,1141100,,1662853000,913554000,749299000,
58434,397900,2736054000,5713898000,2977844000,8691742000,398853680.9,511293170.2,-5.2,75248.9,5129.8,5.9,102900,85400,587553000,6880,"2023-03-28T09:30:00.000Z",1679995800000,6880,6870,6880,85.5,14.5,0,1.8,0.2,,0.2,17500,120400,1261500,,828351000,707952000,120399000,
58434,538700,3705004000,6988074000,3283070000,10271144000,398853680.9,511293170.2,-8.6,75248.9,5129.8,4.2,185200,140800,968950000,6880,"2023-03-28T09:35:00.000Z",1679996100000,6880,6870,6880,80.7,19.3,0,3.2,0.6,,0.2,44400,229600,1491100,,1579402000,1274176000,305226000,
58434,442900,3047297000,7215790000,4168493000,11384283000,398853680.9,511293170.2,5.8,75248.9,5129.8,0.3,33100,-95800,-657707000,6860,"2023-03-28T09:40:00.000Z",1679996400000,6880,6860,6880,20.4,79.6,0,0.6,1.7,,3.9,128900,162000,1653100,,1113139000,227716000,885423000,
58434,247000,1708805000,7379836000,5671031000,13050867000,398853680.9,511293170.2,11.9,75248.9,5129.8,0.1,23900,-195900,-1338492000,6830,"2023-03-28T09:45:00.000Z",1679996700000,6870,6800,6870,9.8,90.2,0,0.4,2.9,,9.2,219800,243700,1896800,,1666584000,164046000,1502538000,
58434,281000,1939969000,7990159000,6050190000,14040349000,398853680.9,511293170.2,-2.1,75248.9,5129.8,1.6,89700,34000,231164000,6820,"2023-03-28T09:50:00.000Z",1679997000000,6840,6800,6840,61.7,38.3,0,1.5,0.7,,0.6,55700,145400,2042200,,989482000,610323000,379159000,
58434,300600,2074004000,8287516000,6213512000,14501028000,398853680.9,511293170.2,-1.2,75248.9,5129.8,1.8,43500,19600,134035000,6840,"2023-03-28T09:55:00.000Z",1679997300000,6840,6820,6830,64.5,35.5,0,0.7,0.3,,0.5,23900,67400,2109600,,460679000,297357000,163322000,
58434,270400,1867882000,8325780000,6457898000,14783678000,398853680.9,511293170.2,1.8,75248.9,5129.8,0.2,5600,-30200,-206122000,6830,"2023-03-28T10:00:00.000Z",1679997600000,6840,6820,6830,13.5,86.5,0,0.1,0.5,,6.4,35800,41400,2151000,,282650000,38264000,244386000,
58434,260000,1796885000,8342880000,6545995000,14888875000,398853680.9,511293170.2,0.6,75248.9,5129.8,0.2,2500,-10400,-70997000,6820,"2023-03-28T10:05:00.000Z",1679997900000,6840,6820,6830,16.2,83.8,0,0,0.2,,5.2,12900,15400,2166400,,105197000,17100000,88097000,
58434,217000,1503698000,8419353000,6915655000,15348648000,398853680.9,511293170.2,2.6,75248.9,5129.8,0.2,11200,-43000,-293187000,6820,"2023-03-28T10:10:00.000Z",1679998200000,6830,6820,6820,16.6,80.4,3,0.2,0.7,0.4,4.8,54200,67400,2233800,2000,459773000,76473000,369660000,13640000
58434,217100,1505518000,9012570000,7507052000,16533262000,398853680.9,511293170.2,0,75248.9,5129.8,1,87000,100,1820000,6820,"2023-03-28T10:15:00.000Z",1679998500000,6820,6800,6810,50,50,0,1.5,1.2,,1,86900,173900,2407700,,1184614000,593217000,591397000,
58434,143100,1001875000,9272041000,8270166000,17555847000,398853680.9,511293170.2,4.5,75248.9,5129.8,0.3,38100,-74000,-503643000,6810,"2023-03-28T10:20:00.000Z",1679998800000,6820,6800,6820,25.4,74.6,0,0.7,1.5,,2.9,112100,150200,2557900,,1022585000,259471000,763114000,
58434,122700,863249000,9472533000,8609284000,18095457000,398853680.9,511293170.2,1.2,75248.9,5129.8,0.6,29400,-20400,-138626000,6820,"2023-03-28T10:25:00.000Z",1679999100000,6820,6800,6810,37.1,62.9,0,0.5,0.7,,1.7,49800,79200,2637100,,539610000,200492000,339118000,
58434,-54900,-344524000,9643966000,9988490000,19646096000,398853680.9,511293170.2,10.7,75248.9,5129.8,0.1,25100,-177600,-1207773000,6800,"2023-03-28T10:30:00.000Z",1679999400000,6830,6800,6830,11,89,0,0.4,2.7,,8.1,202700,227800,2864900,,1550639000,171433000,1379206000,
58434,-202300,-1345212000,9730239000,11075451000,20819330000,398853680.9,511293170.2,8.9,75248.9,5129.8,0.1,12700,-147400,-1000688000,6780,"2023-03-28T10:35:00.000Z",1679999700000,6800,6780,6790,7.3,92.7,0,0.2,2.1,,12.6,160100,172800,3037700,,1173234000,86273000,1086961000,
58434,-222400,-1481412000,9921541000,11402953000,21338134000,398853680.9,511293170.2,1.2,75248.9,5129.8,0.6,28200,-20100,-136200000,6790,"2023-03-28T10:40:00.000Z",1680000000000,6790,6770,6790,36.9,63.1,0,0.5,0.6,,1.7,48300,76500,3114200,,518804000,191302000,327502000,
58434,-278900,-1865014000,9924936000,11789950000,21728526000,398853680.9,511293170.2,3.4,75248.9,5129.8,0,500,-56500,-383602000,6780,"2023-03-28T10:45:00.000Z",1680000300000,6790,6780,6790,0.9,99.1,0,0,0.8,,114,57000,57500,3171700,,390392000,3395000,386997000,
58434,-259900,-1735865000,10111101000,11846966000,21971707000,398853680.9,511293170.2,-1.1,75248.9,5129.8,3.3,27400,19000,129149000,6790,"2023-03-28T10:50:00.000Z",1680000600000,6800,6780,6780,76.5,23.5,0,0.5,0.1,,0.3,8400,35800,3207500,,243181000,186165000,57016000,
58434,-272900,-1823891000,10233376000,12057267000,22304283000,398853680.9,511293170.2,0.8,75248.9,5129.8,0.6,18000,-13000,-88026000,6800,"2023-03-28T10:55:00.000Z",1680000900000,6800,6780,6800,36.7,63.3,0,0.3,0.4,,1.7,31000,49000,3256500,,332576000,122275000,210301000,
58434,-33600,-196655000,11901452000,12098107000,24013199000,398853680.9,511293170.2,-14.5,75248.9,5129.8,40.9,245300,239300,1627236000,6810,"2023-03-28T11:00:00.000Z",1680001200000,6810,6790,6800,97.6,2.4,0,4.2,0.1,,0,6000,251300,3507800,,1708916000,1668076000,40840000,
58434,10000,101172000,12264069000,12162897000,24440606000,398853680.9,511293170.2,-2.6,75248.9,5129.8,5.6,53100,43600,297827000,6830,"2023-03-28T11:05:00.000Z",1680001500000,6830,6820,6820,84.8,15.2,0,0.9,0.1,,0.2,9500,62600,3570400,,427407000,362617000,64790000,
58434,12500,118237000,12291349000,12173112000,24478101000,398853680.9,511293170.2,-0.2,75248.9,5129.8,2.7,4000,2500,17065000,6820,"2023-03-28T11:10:00.000Z",1680001800000,6820,6810,6820,72.7,27.3,0,0.1,0,,0.4,1500,5500,3575900,,37495000,27280000,10215000,
58434,13000,121683000,12322019000,12200336000,24535995000,398853680.9,511293170.2,0,75248.9,5129.8,1.1,4500,500,3446000,6810,"2023-03-28T11:15:00.000Z",1680002100000,6820,6800,6810,52.9,47.1,0,0.1,0.1,,0.9,4000,8500,3584400,,57894000,30670000,27224000,
58434,11500,111478000,12328839000,12217361000,24559840000,398853680.9,511293170.2,0.1,75248.9,5129.8,0.4,1000,-1500,-10205000,6810,"2023-03-28T11:20:00.000Z",1680002400000,6820,6810,6810,28.6,71.4,0,0,0,,2.5,2500,3500,3587900,,23845000,6820000,17025000,
58434,14900,134638000,12358127000,12223489000,24595256000,398853680.9,511293170.2,-0.2,75248.9,5129.8,4.8,4300,3400,23160000,6820,"2023-03-28T11:25:00.000Z",1680002700000,6820,6800,6800,82.7,17.3,0,0.1,0,,0.2,900,5200,3593100,,35416000,29288000,6128000,
58434,-66000,-415215000,12547955000,12963170000,25560858000,398853680.9,511293170.2,4.9,75248.9,5129.8,0.3,27900,-80900,-549853000,6800,"2023-03-28T13:00:00.000Z",1680008400000,6810,6790,6810,19.6,76.6,3.7,0.5,1.4,1,3.9,108800,142000,3735100,5300,965602000,189828000,739681000,36093000
58434,-78800,-501556000,12928774000,13430330000,26408837000,398853680.9,511293170.2,0.8,75248.9,5129.8,0.8,56100,-12800,-86341000,6770,"2023-03-28T13:05:00.000Z",1680008700000,6800,6770,6800,44.9,55.1,0,1,0.9,,1.2,68900,125000,3860100,,847979000,380819000,467160000,
58434,-50500,-309010000,13399828000,13708838000,27158399000,398853680.9,511293170.2,-1.7,75248.9,5129.8,1.7,69300,28300,192546000,6800,"2023-03-28T13:10:00.000Z",1680009000000,6820,6770,6780,62.8,37.2,0,1.2,0.5,,0.6,41000,110300,3970400,,749562000,471054000,278508000,
58434,-100200,-646209000,13449452000,14095661000,27594846000,398853680.9,511293170.2,3,75248.9,5129.8,0.1,7300,-49700,-337199000,6790,"2023-03-28T13:15:00.000Z",1680009300000,6800,6770,6800,11.4,88.6,0,0.1,0.8,,7.8,57000,64300,4034700,,436447000,49624000,386823000,
58434,-237200,-1572210000,13519067000,15091277000,28660077000,398853680.9,511293170.2,8.2,75248.9,5129.8,0.1,10300,-137000,-926001000,6750,"2023-03-28T13:20:00.000Z",1680009600000,6780,6750,6780,6.5,93.5,0,0.2,2,,14.3,147300,157600,4192300,,1065231000,69615000,995616000,
58434,-33900,-198173000,15085824000,15283997000,30419554000,398853680.9,511293170.2,-12.2,75248.9,5129.8,8.2,231700,203300,1374037000,6770,"2023-03-28T13:25:00.000Z",1680009900000,6800,6750,6760,89.1,10.9,0,4,0.4,,0.1,28400,260100,4452400,,1759477000,1566757000,192720000,
58434,-50900,-313450000,15332885000,15646335000,31028953000,398853680.9,511293170.2,1,75248.9,5129.8,0.7,36400,-17000,-115277000,6780,"2023-03-28T13:30:00.000Z",1680010200000,6800,6770,6770,40.5,59.5,0,0.6,0.7,,1.5,53400,89800,4542200,,609399000,247061000,362338000,
58434,-149100,-978155000,15339665000,16317820000,31707218000,398853680.9,511293170.2,5.9,75248.9,5129.8,0,1000,-98200,-664705000,6760,"2023-03-28T13:35:00.000Z",1680010500000,6780,6760,6770,1,99,0,0,1.3,,99.2,99200,100200,4642400,,678265000,6780000,671485000,
58434,-231100,-1532276000,15448501000,16980777000,32479011000,398853680.9,511293170.2,4.9,75248.9,5129.8,0.2,16100,-82000,-554121000,6760,"2023-03-28T13:40:00.000Z",1680010800000,6760,6750,6760,14.1,85.9,0,0.3,1.3,,6.1,98100,114200,4756600,,771793000,108836000,662957000,
58434,-266000,-1767644000,15616108000,17383752000,33049593000,398853680.9,511293170.2,2.1,75248.9,5129.8,0.4,24800,-34900,-235368000,6750,"2023-03-28T13:45:00.000Z",1680011100000,6760,6750,6760,29.3,70.7,0,0.4,0.8,,2.4,59700,84500,4841100,,570582000,167607000,402975000,
58434,-205900,-1361120000,16101029000,17462149000,33612911000,398853680.9,511293170.2,-3.6,75248.9,5129.8,6.2,71700,60100,406524000,6780,"2023-03-28T13:50:00.000Z",1680011400000,6780,6750,6750,86.1,13.9,0,1.2,0.2,,0.2,11600,83300,4924400,,563318000,484921000,78397000,
58434,-150200,-982470000,16515616000,17498086000,34063435000,398853680.9,511293170.2,-3.4,75248.9,5129.8,11.5,61000,55700,378650000,6780,"2023-03-28T13:55:00.000Z",1680011700000,6800,6780,6780,92,8,0,1,0.1,,0.1,5300,66300,4990700,,450524000,414587000,35937000,
58434,-169600,-1113656000,16605568000,17719224000,34374525000,398853680.9,511293170.2,1.2,75248.9,5129.8,0.4,13300,-19400,-131186000,6760,"2023-03-28T14:00:00.000Z",1680012000000,6780,6760,6780,28.9,71.1,0,0.2,0.4,,2.5,32700,46000,5036700,,311090000,89952000,221138000,
58434,-175200,-1151086000,16905086000,18056172000,35010991000,398853680.9,511293170.2,0.3,75248.9,5129.8,0.9,44300,-5600,-37430000,6770,"2023-03-28T14:05:00.000Z",1680012300000,6770,6750,6760,47,53,0,0.8,0.7,,1.1,49900,94200,5130900,,636466000,299518000,336948000,
58434,-123100,-797377000,17677847000,18475224000,36202804000,398853680.9,511293170.2,-3.1,75248.9,5129.8,1.8,113900,52100,353709000,6780,"2023-03-28T14:10:00.000Z",1680012600000,6800,6770,6770,64.8,35.2,0,1.9,0.8,,0.5,61800,175700,5306600,,1191813000,772761000,419052000,
58434,-218300,-1440431000,18050537000,19490968000,37591238000,398853680.9,511293170.2,5.7,75248.9,5129.8,0.4,55100,-95200,-643054000,6750,"2023-03-28T14:15:00.000Z",1680012900000,6780,6750,6780,26.8,73.2,0,0.9,2,,2.7,150300,205400,5512000,,1388434000,372690000,1015744000,
58434,-322500,-2142352000,18522893000,20665245000,39237871000,398853680.9,511293170.2,6.2,75248.9,5129.8,0.4,70000,-104200,-701921000,6740,"2023-03-28T14:20:00.000Z",1680013200000,6760,6730,6750,28.7,71.3,0,1.2,2.3,,2.5,174200,244200,5756200,,1646633000,472356000,1174277000,
58434,-770300,-5150656000,18746123000,23896779000,42692635000,398853680.9,511293170.2,26.8,75248.9,5129.8,0.1,33200,-447800,-3008304000,6710,"2023-03-28T14:25:00.000Z",1680013500000,6740,6700,6730,6.5,93.5,0,0.6,6.4,,14.5,481000,514200,6270400,,3454764000,223230000,3231534000,
58434,-790300,-5284656000,18746123000,24030779000,42826635000,398853680.9,511293170.2,1.2,75248.9,5129.8,0,,-20000,-134000000,6700,"2023-03-28T14:30:00.000Z",1680013800000,6700,6700,6700,0,100,0,,0.3,,Infinity,20000,20000,6290400,,134000000,,134000000,
58434,-790300,-5284656000,18746123000,24030779000,44393095000,398853680.9,511293170.2,0,75248.9,5129.8,NaN,,0,0,6700,"2023-03-28T14:45:00.000Z",1680014700000,6700,6700,6700,0,0,100,,,45.6,NaN,,233800,6524200,233800,1566460000,,,1566460000
