"abu","acum_busd","acum_busd_val","acum_val_bu","acum_val_sd","acum_val","avg_val_bu","avg_val_sd","rbusd","asd","auk","bs","bu","bu-sd","bu-sd_val","c","date","datetime","h","l","o","pbu","psd","puk","rbu","rsd","ruk","sb","sd","sum_vol","total_vol","uk","val","val_bu","val_sd","val_uk"
193473.9,-25200,-321130000,571560000,892690000,2408530000,2523166413,1870590760.9,-0.5,144084.8,22067.4,0.6,44400,-25200,-321130000,12850,"2023-03-27T09:15:00.000Z",1679908500000,12900,12800,12900,23.7,37.2,39.1,0.2,0.5,3.3,1.6,69600,187200,187200,73200,2408530000,571560000,892690000,944280000
193473.9,369600,4804305000,6763415000,1959110000,9666805000,2523166413,1870590760.9,7.9,144084.8,22067.4,5.8,477200,394800,5125435000,12900,"2023-03-27T09:20:00.000Z",1679908800000,13050,12850,12900,85.3,14.7,0,2.5,0.6,,0.2,82400,559600,746800,,7258275000,6191855000,1066420000,
193473.9,235700,3087365000,7375410000,4288045000,12607735000,2523166413,1870590760.9,-2.6,144084.8,22067.4,0.3,47600,-133900,-1716940000,12800,"2023-03-27T09:25:00.000Z",1679909100000,12950,12800,12900,20.8,79.2,0,0.2,1.3,,3.8,181500,229100,975900,,2940930000,611995000,2328935000,
193473.9,350600,4567715000,10012015000,5444300000,16400595000,2523166413,1870590760.9,2.3,144084.8,22067.4,2.3,205000,114900,1480350000,12900,"2023-03-27T09:30:00.000Z",1679909400000,12900,12800,12800,69.5,30.5,0,1.1,0.6,,0.4,90100,295100,1271000,,3792860000,2636605000,1156255000,
193473.9,516900,6720590000,12469855000,5749265000,19163400000,2523166413,1870590760.9,3.3,144084.8,22067.4,8,189900,166300,2152875000,12950,"2023-03-27T09:35:00.000Z",1679909700000,13000,12850,12900,88.9,11.1,0,1,0.2,,0.1,23600,213500,1484500,,2762805000,2457840000,304965000,
193473.9,867200,11290845000,18879125000,7588280000,27411685000,2523166413,1870590760.9,7,144084.8,22067.4,3.5,492100,350300,4570255000,13100,"2023-03-27T09:40:00.000Z",1679910000000,13100,12950,12950,77.6,22.4,0,2.5,1,,0.3,141800,633900,2118400,,8248285000,6409270000,1839015000,
193473.9,808900,10539145000,22406095000,11866950000,35217325000,2523166413,1870590760.9,-1.2,144084.8,22067.4,0.8,270200,-58300,-751700000,13000,"2023-03-27T09:45:00.000Z",1679910300000,13100,13000,13100,45.1,54.9,0,1.4,2.3,,1.2,328500,598700,2717100,,7805640000,3526970000,4278670000,
193473.9,672800,8773925000,23305230000,14531305000,38780815000,2523166413,1870590760.9,-2.7,144084.8,22067.4,0.3,68900,-136100,-1765220000,12950,"2023-03-27T09:50:00.000Z",1679910600000,13050,12950,13000,25.2,74.8,0,0.4,1.4,,3,205000,273900,2991000,,3563490000,899135000,2664355000,
193473.9,668000,8719390000,25287730000,16568340000,42800350000,2523166413,1870590760.9,-0.1,144084.8,22067.4,1,152500,-4800,-54535000,12950,"2023-03-27T09:55:00.000Z",1679910900000,13000,12950,12950,49.2,50.8,0,0.8,1.1,,1,157300,309800,3300800,,4019535000,1982500000,2037035000,
193473.9,568600,7432285000,26145070000,18712785000,45802135000,2523166413,1870590760.9,-2,144084.8,22067.4,0.4,66200,-99400,-1287105000,12950,"2023-03-27T10:00:00.000Z",1679911200000,13000,12900,12950,28.6,71.4,0,0.3,1.1,,2.5,165600,231800,3532600,,3001785000,857340000,2144445000,
193473.9,595400,7779665000,26937610000,19157945000,47039835000,2523166413,1870590760.9,0.5,144084.8,22067.4,1.8,61200,26800,347380000,12950,"2023-03-27T10:05:00.000Z",1679911500000,12950,12900,12950,64,36,0,0.3,0.2,,0.6,34400,95600,3628200,,1237700000,792540000,445160000,
193473.9,737500,9620740000,29451435000,19830695000,50226410000,2523166413,1870590760.9,2.8,144084.8,22067.4,3.7,194100,142100,1841075000,12950,"2023-03-27T10:10:00.000Z",1679911800000,13000,12900,12950,78.9,21.1,0,1,0.4,,0.3,52000,246100,3874300,,3186575000,2513825000,672750000,
193473.9,261800,3485930000,31324455000,27838525000,60107260000,2523166413,1870590760.9,-9.4,144084.8,22067.4,0.2,144600,-475700,-6134810000,12950,"2023-03-27T10:15:00.000Z",1679912100000,13000,12900,13000,18.9,81.1,0,0.7,4.3,,4.3,620300,764900,4639200,,9880850000,1873020000,8007830000,
193473.9,-61400,-682750000,32438325000,33121075000,66503680000,2523166413,1870590760.9,-6.4,144084.8,22067.4,0.2,86300,-323200,-4168680000,12900,"2023-03-27T10:20:00.000Z",1679912400000,12950,12900,12950,17.4,82.6,0,0.4,2.8,,4.7,409500,495800,5135000,,6396420000,1113870000,5282550000,
193473.9,53800,809220000,34015640000,33206420000,68166340000,2523166413,1870590760.9,2.3,144084.8,22067.4,18.5,121800,115200,1491970000,12950,"2023-03-27T10:25:00.000Z",1679912700000,13000,12900,12900,94.9,5.1,0,0.6,0,,0.1,6600,128400,5263400,,1662660000,1577315000,85345000,
193473.9,-220600,-2735180000,34496235000,37231415000,72671930000,2523166413,1870590760.9,-5.4,144084.8,22067.4,0.1,37100,-274400,-3544400000,12900,"2023-03-27T10:30:00.000Z",1679913000000,13000,12900,13000,10.6,89.4,0,0.2,2.2,,8.4,311500,348600,5612000,,4505590000,480595000,4024995000,
193473.9,-228200,-2833175000,34924555000,37757730000,73626565000,2523166413,1870590760.9,-0.2,144084.8,22067.4,0.8,33200,-7600,-97995000,12900,"2023-03-27T10:35:00.000Z",1679913300000,12950,12850,12950,44.9,55.1,0,0.2,0.3,,1.2,40800,74000,5686000,,954635000,428320000,526315000,
193473.9,-197600,-2438040000,35462790000,37900830000,74307900000,2523166413,1870590760.9,0.6,144084.8,22067.4,3.8,41700,30600,395135000,12950,"2023-03-27T10:40:00.000Z",1679913600000,12950,12850,12900,79,21,0,0.2,0.1,,0.3,11100,52800,5738800,,681335000,538235000,143100000,
193473.9,-255400,-3183645000,35573730000,38757375000,75275385000,2523166413,1870590760.9,-1.1,144084.8,22067.4,0.1,8600,-57800,-745605000,12900,"2023-03-27T10:45:00.000Z",1679913900000,12900,12850,12900,11.5,88.5,0,0,0.5,,7.7,66400,75000,5813800,,967485000,110940000,856545000,
193473.9,-304800,-3820900000,35575025000,39395925000,75915230000,2523166413,1870590760.9,-1,144084.8,22067.4,0,100,-49400,-637255000,12900,"2023-03-27T10:50:00.000Z",1679914200000,12950,12900,12900,0.2,99.8,0,0,0.3,,495,49500,49600,5863400,,639845000,1295000,638550000,
193473.9,-242000,-3009185000,36560840000,39570025000,77075145000,2523166413,1870590760.9,1.2,144084.8,22067.4,5.7,76300,62800,811715000,12900,"2023-03-27T10:55:00.000Z",1679914500000,12950,12850,12900,85,15,0,0.4,0.1,,0.2,13500,89800,5953200,,1159915000,985815000,174100000,
193473.9,-445400,-5627030000,38248990000,43876020000,83069290000,2523166413,1870590760.9,-4,144084.8,22067.4,0.4,130400,-203400,-2617845000,12900,"2023-03-27T11:00:00.000Z",1679914800000,12950,12850,12900,28.1,71.9,0,0.7,2.3,,2.6,333800,464200,6417400,,5994145000,1688150000,4305995000,
193473.9,-427500,-5395400000,38945590000,44340990000,84230860000,2523166413,1870590760.9,0.4,144084.8,22067.4,1.5,54000,17900,231630000,12850,"2023-03-27T11:05:00.000Z",1679915100000,12900,12850,12900,59.9,40.1,0,0.3,0.3,,0.7,36100,90100,6507500,,1161570000,696600000,464970000,
193473.9,-429000,-5413750000,39184240000,44597990000,84726510000,2523166413,1870590760.9,0,144084.8,22067.4,0.9,18500,-1500,-18350000,12900,"2023-03-27T11:10:00.000Z",1679915400000,12900,12850,12850,48.1,51.9,0,0.1,0.1,,1.1,20000,38500,6546000,,495650000,238650000,257000000,
193473.9,-447700,-5652585000,39560920000,45213505000,85718705000,2523166413,1870590760.9,-0.4,144084.8,22067.4,0.6,29200,-18700,-238835000,12900,"2023-03-27T11:15:00.000Z",1679915700000,12900,12850,12850,37.9,62.1,0,0.2,0.3,,1.6,47900,77100,6623100,,992195000,376680000,615515000,
193473.9,-672000,-8534745000,39954225000,48488970000,89387475000,2523166413,1870590760.9,-4.4,144084.8,22067.4,0.1,30600,-224300,-2882160000,12850,"2023-03-27T11:20:00.000Z",1679916000000,12900,12850,12900,10.7,89.3,0,0.2,1.8,,8.3,254900,285500,6908600,,3668770000,393305000,3275465000,
193473.9,-570200,-7225120000,41405195000,48630315000,90979790000,2523166413,1870590760.9,2,144084.8,22067.4,10.3,112800,101800,1309625000,12850,"2023-03-27T11:25:00.000Z",1679916300000,12900,12800,12850,91.1,8.9,0,0.6,0.1,,0.1,11000,123800,7032400,,1592315000,1450970000,141345000,
193473.9,-263000,-3259925000,46410395000,49670320000,97024995000,2523166413,1870590760.9,6.1,144084.8,22067.4,4.8,388000,307200,3965195000,12900,"2023-03-27T13:00:00.000Z",1679922000000,12900,12850,12850,82.8,17.2,0,2,0.6,,0.2,80800,468800,7501200,,6045205000,5005200000,1040005000,
193473.9,303900,4101390000,54384375000,50282985000,105611640000,2523166413,1870590760.9,11.3,144084.8,22067.4,13,614300,566900,7361315000,13000,"2023-03-27T13:05:00.000Z",1679922300000,13000,12900,12900,92.8,7.2,0,3.2,0.3,,0.1,47400,661700,8162900,,8586645000,7973980000,612665000,
193473.9,671700,8920305000,63466930000,54546625000,118957835000,2523166413,1870590760.9,7.4,144084.8,22067.4,2.1,694100,367800,4818915000,13050,"2023-03-27T13:10:00.000Z",1679922600000,13150,13000,13000,68,32,0,3.6,2.3,,0.5,326300,1020400,9183300,,13346195000,9082555000,4263640000,
193473.9,622900,8302490000,68492180000,60189690000,129626150000,2523166413,1870590760.9,-0.9,144084.8,22067.4,0.9,385200,-48800,-617815000,13000,"2023-03-27T13:15:00.000Z",1679922900000,13050,12950,13050,47,53,0,2,3,,1.1,434000,819200,10002500,,10668315000,5025250000,5643065000,
193473.9,504600,6777145000,70130020000,63352875000,134427175000,2523166413,1870590760.9,-2.3,144084.8,22067.4,0.5,126000,-118300,-1525345000,12900,"2023-03-27T13:20:00.000Z",1679923200000,13000,12900,12950,34,66,0,0.7,1.7,,1.9,244300,370300,10372800,,4801025000,1637840000,3163185000,
193473.9,670900,8935815000,72873140000,63937325000,137754745000,2523166413,1870590760.9,3.3,144084.8,22067.4,4.7,211600,166300,2158670000,13000,"2023-03-27T13:25:00.000Z",1679923500000,13000,12900,12900,82.4,17.6,0,1.1,0.3,,0.2,45300,256900,10629700,,3327570000,2743120000,584450000,
193473.9,936400,12392530000,76949690000,64557160000,142451130000,2523166413,1870590760.9,5.3,144084.8,22067.4,6.6,313000,265500,3456715000,13050,"2023-03-27T13:30:00.000Z",1679923800000,13100,12950,13000,86.8,13.2,0,1.6,0.3,,0.2,47500,360500,10990200,,4696385000,4076550000,619835000,
193473.9,1020900,13497210000,79684270000,66187060000,146815610000,2523166413,1870590760.9,1.7,144084.8,22067.4,1.7,209400,84500,1104680000,13050,"2023-03-27T13:35:00.000Z",1679924100000,13100,13000,13050,62.6,37.4,0,1.1,0.9,,0.6,124900,334300,11324500,,4364480000,2734580000,1629900000,
193473.9,1611500,21250725000,88675170000,67424445000,157043895000,2523166413,1870590760.9,11.9,144084.8,22067.4,7.3,685000,590600,7753515000,13150,"2023-03-27T13:40:00.000Z",1679924400000,13200,13050,13050,87.9,12.1,0,3.5,0.7,,0.1,94400,779400,12103900,,10228285000,8990900000,1237385000,
193473.9,1353900,17879155000,90522690000,72643535000,164110505000,2523166413,1870590760.9,-5.2,144084.8,22067.4,0.4,140400,-257600,-3371570000,13100,"2023-03-27T13:45:00.000Z",1679924700000,13200,13100,13150,26.1,73.9,0,0.7,2.8,,2.8,398000,538400,12642300,,7066610000,1847520000,5219090000,
193473.9,1452800,19176400000,93404760000,74228360000,168577400000,2523166413,1870590760.9,2,144084.8,22067.4,1.8,220000,98900,1297245000,13100,"2023-03-27T13:50:00.000Z",1679925000000,13150,13050,13100,64.5,35.5,0,1.1,0.8,,0.6,121100,341100,12983400,,4466895000,2882070000,1584825000,
193473.9,1544700,20387160000,95995310000,75608150000,172547740000,2523166413,1870590760.9,1.9,144084.8,22067.4,1.9,197000,91900,1210760000,13150,"2023-03-27T13:55:00.000Z",1679925300000,13150,13100,13150,65.2,34.8,0,1,0.7,,0.5,105100,302100,13285500,,3970340000,2590550000,1379790000,
193473.9,1774000,23405865000,99166300000,75760435000,175871015000,2523166413,1870590760.9,4.6,144084.8,22067.4,20.8,240900,229300,3018705000,13200,"2023-03-27T14:00:00.000Z",1679925600000,13200,13100,13150,95.4,4.6,0,1.2,0.1,,0,11600,252500,13538000,,3323275000,3170990000,152285000,
193473.9,2350600,31038680000,109281565000,78242885000,188468730000,2523166413,1870590760.9,11.7,144084.8,22067.4,4.1,764700,576600,7632815000,13200,"2023-03-27T14:05:00.000Z",1679925900000,13300,13150,13150,80.3,19.7,0,4,1.3,,0.2,188100,952800,14490800,,12597715000,10115265000,2482450000,
193473.9,2316400,30592515000,110430940000,79838425000,191213645000,2523166413,1870590760.9,-0.7,144084.8,22067.4,0.7,87300,-34200,-446165000,13150,"2023-03-27T14:10:00.000Z",1679926200000,13200,13100,13150,41.8,58.2,0,0.5,0.8,,1.4,121500,208800,14699600,,2744915000,1149375000,1595540000,
193473.9,2375000,31364000000,112364390000,81000390000,194309060000,2523166413,1870590760.9,1.2,144084.8,22067.4,1.7,147000,58600,771485000,13150,"2023-03-27T14:15:00.000Z",1679926500000,13200,13100,13150,62.4,37.6,0,0.8,0.6,,0.6,88400,235400,14935000,,3095415000,1933450000,1161965000,
193473.9,2270900,29998055000,113440915000,83442860000,197828055000,2523166413,1870590760.9,-2.1,144084.8,22067.4,0.4,81800,-104100,-1365945000,13100,"2023-03-27T14:20:00.000Z",1679926800000,13200,13100,13200,30.6,69.4,0,0.4,1.3,,2.3,185900,267700,15202700,,3518995000,1076525000,2442470000,
193473.9,2271900,30018480000,116065655000,86047175000,203057110000,2523166413,1870590760.9,0,144084.8,22067.4,1,199600,1000,20425000,13100,"2023-03-27T14:25:00.000Z",1679927100000,13150,13100,13100,50.1,49.9,0,1,1.4,,1,198600,398200,15600900,,5229055000,2624740000,2604315000,
193473.9,2271900,30018480000,116065655000,86047175000,215537285000,2523166413,1870590760.9,0,144084.8,22067.4,NaN,,0,0,13250,"2023-03-27T14:45:00.000Z",1679928300000,13250,13250,13250,0,0,100,,,42.7,NaN,,941900,16542800,941900,12480175000,,,12480175000
