"abu","acum_busd","acum_busd_val","acum_val_bu","acum_val_sd","acum_val","avg_val_bu","avg_val_sd","rbusd","asd","auk","bs","bu","bu-sd","bu-sd_val","c","date","datetime","h","l","o","pbu","psd","puk","rbu","rsd","ruk","sb","sd","sum_vol","total_vol","uk","val","val_bu","val_sd","val_uk"
123950,16500,199670000,1318745000,1119075000,4646070000,1507102826.1,1439601087,3,118854.3,17445.7,1.2,109700,16500,199670000,12100,"2023-03-27T09:15:00.000Z",1679908500000,12100,11950,12100,28.5,24.2,47.4,0.9,0.8,10.5,0.8,93200,385400,385400,182500,4646070000,1318745000,1119075000,2208250000
123950,-238400,-2854140000,1927815000,4781955000,8918020000,1507102826.1,1439601087,-45.2,118854.3,17445.7,0.2,50400,-254900,-3053810000,11950,"2023-03-27T09:20:00.000Z",1679908800000,12100,11950,12050,14.2,85.8,0,0.4,2.6,,6.1,305300,355700,741100,,4271950000,609070000,3662880000,
123950,-165200,-1974185000,3179415000,5153600000,10541265000,1507102826.1,1439601087,13,118854.3,17445.7,3.4,104300,73200,879955000,11950,"2023-03-27T09:25:00.000Z",1679909100000,12000,11950,11950,77,23,0,0.8,0.3,,0.3,31100,135400,876500,,1623245000,1251600000,371645000,
123950,199400,2429470000,8623640000,6194170000,17026060000,1507102826.1,1439601087,65.2,118854.3,17445.7,5.2,451600,364600,4403655000,12100,"2023-03-27T09:30:00.000Z",1679909400000,12100,11950,12000,83.8,16.2,0,3.6,0.7,,0.2,87000,538600,1415100,,6484795000,5444225000,1040570000,
123950,339300,4130305000,11729705000,7599400000,21537355000,1507102826.1,1439601087,25.2,118854.3,17445.7,2.2,255600,139900,1700835000,12200,"2023-03-27T09:35:00.000Z",1679909700000,12200,12100,12150,68.8,31.2,0,2.1,1,,0.5,115700,371300,1786400,,4511295000,3106065000,1405230000,
123950,736700,8987810000,17649730000,8661920000,28519900000,1507102826.1,1439601087,72,118854.3,17445.7,5.6,484300,397400,4857505000,12300,"2023-03-27T09:40:00.000Z",1679910000000,12300,12150,12200,84.8,15.2,0,3.9,0.7,,0.2,86900,571200,2357600,,6982545000,5920025000,1062520000,
123950,622400,7593900000,19229965000,11636065000,33074280000,1507102826.1,1439601087,-20.6,118854.3,17445.7,0.5,129200,-114300,-1393910000,12200,"2023-03-27T09:45:00.000Z",1679910300000,12300,12150,12250,34.7,65.3,0,1,2,,1.9,243500,372700,2730300,,4554380000,1580235000,2974145000,
123950,586700,7162110000,19766535000,12604425000,34579210000,1507102826.1,1439601087,-6.4,118854.3,17445.7,0.6,44000,-35700,-431790000,12150,"2023-03-27T09:50:00.000Z",1679910600000,12200,12150,12200,35.6,64.4,0,0.4,0.7,,1.8,79700,123700,2854000,,1504930000,536570000,968360000,
123950,551400,6735815000,20138325000,13402510000,35749085000,1507102826.1,1439601087,-6.3,118854.3,17445.7,0.5,30600,-35300,-426295000,12150,"2023-03-27T09:55:00.000Z",1679910900000,12150,12100,12150,31.7,68.3,0,0.2,0.6,,2.2,65900,96500,2950500,,1169875000,371790000,798085000,
123950,416200,5099970000,20156550000,15056580000,37421380000,1507102826.1,1439601087,-24.2,118854.3,17445.7,0,1500,-135200,-1635845000,12100,"2023-03-27T10:00:00.000Z",1679911200000,12150,12100,12100,1.1,98.9,0,0,1.2,,91.1,136700,138200,3088700,,1672295000,18225000,1654070000,
123950,541500,6626785000,21938235000,15311450000,39457935000,1507102826.1,1439601087,22.6,118854.3,17445.7,7,146300,125300,1526815000,12200,"2023-03-27T10:05:00.000Z",1679911500000,12200,12100,12150,87.4,12.6,0,1.2,0.2,,0.1,21000,167300,3256000,,2036555000,1781685000,254870000,
123950,406600,4990220000,22053915000,17063695000,41325860000,1507102826.1,1439601087,-24.2,118854.3,17445.7,0.1,9500,-134900,-1636565000,12150,"2023-03-27T10:10:00.000Z",1679911800000,12200,12100,12150,6.2,93.8,0,0.1,1.2,,15.2,144400,153900,3409900,,1867925000,115680000,1752245000,
123950,389300,4784655000,22931095000,18146440000,43285785000,1507102826.1,1439601087,-3,118854.3,17445.7,0.8,71900,-17300,-205565000,12200,"2023-03-27T10:15:00.000Z",1679912100000,12200,12100,12150,44.6,55.4,0,0.6,0.8,,1.2,89200,161100,3571000,,1959925000,877180000,1082745000,
123950,475200,5833865000,24993595000,19159730000,46361575000,1507102826.1,1439601087,15.5,118854.3,17445.7,2,169200,85900,1049210000,12200,"2023-03-27T10:20:00.000Z",1679912400000,12250,12150,12200,67,33,0,1.4,0.7,,0.5,83300,252500,3823500,,3075790000,2062500000,1013290000,
123950,424700,5218265000,25497455000,20279190000,47984895000,1507102826.1,1439601087,-9.1,118854.3,17445.7,0.4,41300,-50500,-615600000,12200,"2023-03-27T10:25:00.000Z",1679912700000,12200,12150,12200,31,69,0,0.3,0.8,,2.2,91800,133100,3956600,,1623320000,503860000,1119460000,
123950,198400,2471245000,25565765000,23094520000,50868535000,1507102826.1,1439601087,-40.7,118854.3,17445.7,0,5600,-226300,-2747020000,12150,"2023-03-27T10:30:00.000Z",1679913000000,12200,12100,12150,2.4,97.6,0,0,2,,41.4,231900,237500,4194100,,2883640000,68310000,2815330000,
123950,215200,2676855000,26131955000,23455100000,51795305000,1507102826.1,1439601087,3,118854.3,17445.7,1.6,46600,16800,205610000,12100,"2023-03-27T10:35:00.000Z",1679913300000,12150,12100,12150,61,39,0,0.4,0.3,,0.6,29800,76400,4270500,,926770000,566190000,360580000,
123950,124800,1583045000,26139245000,24556200000,52903695000,1507102826.1,1439601087,-16.2,118854.3,17445.7,0,600,-90400,-1093810000,12100,"2023-03-27T10:40:00.000Z",1679913600000,12150,12100,12100,0.7,99.3,0,0,0.8,,151.7,91000,91600,4362100,,1108390000,7290000,1101100000,
123950,239600,2974940000,28222050000,25247110000,55677410000,1507102826.1,1439601087,20.6,118854.3,17445.7,3,171900,114800,1391895000,12100,"2023-03-27T10:45:00.000Z",1679913900000,12150,12100,12100,75.1,24.9,0,1.4,0.5,,0.3,57100,229000,4591100,,2773715000,2082805000,690910000,
123950,230800,2870865000,28806465000,25935600000,56950315000,1507102826.1,1439601087,-1.5,118854.3,17445.7,0.8,48100,-8800,-104075000,12100,"2023-03-27T10:50:00.000Z",1679914200000,12150,12100,12100,45.8,54.2,0,0.4,0.5,,1.2,56900,105000,4696100,,1272905000,584415000,688490000,
123950,346600,4278170000,30483190000,26205020000,58896460000,1507102826.1,1439601087,20.8,118854.3,17445.7,6.2,138000,115800,1407305000,12150,"2023-03-27T10:55:00.000Z",1679914500000,12200,12100,12100,86.1,13.9,0,1.1,0.2,,0.2,22200,160200,4856300,,1946145000,1676725000,269420000,
123950,412900,5084505000,32006275000,26921770000,61136295000,1507102826.1,1439601087,11.9,118854.3,17445.7,2.1,125300,66300,806335000,12200,"2023-03-27T11:00:00.000Z",1679914800000,12200,12100,12150,68,32,0,1,0.5,,0.5,59000,184300,5040600,,2239835000,1523085000,716750000,
123950,290300,3595635000,32324110000,28728475000,63260835000,1507102826.1,1439601087,-22.1,118854.3,17445.7,0.2,26100,-122600,-1488870000,12150,"2023-03-27T11:05:00.000Z",1679915100000,12200,12150,12150,14.9,85.1,0,0.2,1.3,,5.7,148700,174800,5215400,,2124540000,317835000,1806705000,
123950,292800,3626405000,33218685000,29592280000,65019215000,1507102826.1,1439601087,0.5,118854.3,17445.7,1,73600,2500,30770000,12150,"2023-03-27T11:10:00.000Z",1679915400000,12200,12100,12150,50.9,49.1,0,0.6,0.6,,1,71100,144700,5360100,,1758380000,894575000,863805000,
123950,369300,4556470000,34291530000,29735060000,66234840000,1507102826.1,1439601087,13.8,118854.3,17445.7,7.5,88300,76500,930065000,12150,"2023-03-27T11:15:00.000Z",1679915700000,12150,12100,12150,88.2,11.8,0,0.7,0.1,,0.1,11800,100100,5460200,,1215625000,1072845000,142780000,
123950,316200,3914970000,34536960000,30621990000,67367200000,1507102826.1,1439601087,-9.5,118854.3,17445.7,0.3,20200,-53100,-641500000,12100,"2023-03-27T11:20:00.000Z",1679916000000,12150,12100,12150,21.6,78.4,0,0.2,0.6,,3.6,73300,93500,5553700,,1132360000,245430000,886930000,
123950,250100,3116750000,34923330000,31806580000,68938160000,1507102826.1,1439601087,-11.8,118854.3,17445.7,0.3,31800,-66100,-798220000,12100,"2023-03-27T11:25:00.000Z",1679916300000,12150,12100,12100,24.5,75.5,0,0.3,0.8,,3.1,97900,129700,5683400,,1570960000,386370000,1184590000,
123950,-38700,-367400000,36190210000,36557610000,74956070000,1507102826.1,1439601087,-51.6,118854.3,17445.7,0.3,104700,-288800,-3484150000,12100,"2023-03-27T13:00:00.000Z",1679922000000,12150,12050,12150,21,79,0,0.8,3.3,,3.8,393500,498200,6181600,,6017910000,1266880000,4751030000,
123950,78500,1057055000,37868765000,36811710000,76888725000,1507102826.1,1439601087,21.1,118854.3,17445.7,6.6,138200,117200,1424455000,12150,"2023-03-27T13:05:00.000Z",1679922300000,12150,12100,12100,86.8,13.2,0,1.1,0.2,,0.2,21000,159200,6340800,,1932655000,1678555000,254100000,
123950,66200,908075000,38642835000,37734760000,78585845000,1507102826.1,1439601087,-2.2,118854.3,17445.7,0.8,63700,-12300,-148980000,12150,"2023-03-27T13:10:00.000Z",1679922600000,12200,12100,12150,45.6,54.4,0,0.5,0.6,,1.2,76000,139700,6480500,,1697120000,774070000,923050000,
123950,-440100,-5204450000,38682825000,43887275000,84778350000,1507102826.1,1439601087,-90.6,118854.3,17445.7,0,3300,-506300,-6112525000,12050,"2023-03-27T13:15:00.000Z",1679922900000,12150,12050,12150,0.6,99.4,0,0,4.3,,154.4,509600,512900,6993400,,6192505000,39990000,6152515000,
123950,-560000,-6648840000,38913385000,45562225000,86683860000,1507102826.1,1439601087,-21.4,118854.3,17445.7,0.1,19100,-119900,-1444390000,12050,"2023-03-27T13:20:00.000Z",1679923200000,12100,12050,12050,12.1,87.9,0,0.2,1.2,,7.3,139000,158100,7151500,,1905510000,230560000,1674950000,
123950,-601700,-7142590000,41316905000,48459495000,91984650000,1507102826.1,1439601087,-7.3,118854.3,17445.7,0.8,198800,-41700,-493750000,12100,"2023-03-27T13:25:00.000Z",1679923500000,12100,12000,12050,45.3,54.7,0,1.6,2,,1.2,240500,439300,7590800,,5300790000,2403520000,2897270000,
123950,-513400,-6069680000,42861865000,48931545000,94001660000,1507102826.1,1439601087,15.9,118854.3,17445.7,3.3,127400,88300,1072910000,12150,"2023-03-27T13:30:00.000Z",1679923800000,12150,12050,12100,76.5,23.5,0,1,0.3,,0.3,39100,166500,7757300,,2017010000,1544960000,472050000,
123950,-362900,-4240245000,45016545000,49256790000,96481585000,1507102826.1,1439601087,27.1,118854.3,17445.7,6.6,177300,150500,1829435000,12150,"2023-03-27T13:35:00.000Z",1679924100000,12200,12100,12150,86.9,13.1,0,1.4,0.2,,0.2,26800,204100,7961400,,2479925000,2154680000,325245000,
123950,-315500,-3661245000,47464215000,51125460000,100797925000,1507102826.1,1439601087,8.6,118854.3,17445.7,1.3,201200,47400,579000000,12200,"2023-03-27T13:40:00.000Z",1679924400000,12200,12150,12150,56.7,43.3,0,1.6,1.3,,0.8,153800,355000,8316400,,4316340000,2447670000,1868670000,
123950,-438200,-5151230000,47876445000,53027675000,103112370000,1507102826.1,1439601087,-22.1,118854.3,17445.7,0.2,33900,-122700,-1489985000,12100,"2023-03-27T13:45:00.000Z",1679924700000,12200,12100,12200,17.8,82.2,0,0.3,1.3,,4.6,156600,190500,8506900,,2314445000,412230000,1902215000,
123950,-348400,-4058650000,49334445000,53393095000,104935790000,1507102826.1,1439601087,16.2,118854.3,17445.7,4,120000,89800,1092580000,12150,"2023-03-27T13:50:00.000Z",1679925000000,12150,12100,12150,79.9,20.1,0,1,0.3,,0.3,30200,150200,8657100,,1823420000,1458000000,365420000,
123950,-305200,-3533200000,50315520000,53848720000,106372490000,1507102826.1,1439601087,7.8,118854.3,17445.7,2.2,80700,43200,525450000,12150,"2023-03-27T13:55:00.000Z",1679925300000,12200,12150,12150,68.3,31.7,0,0.7,0.3,,0.5,37500,118200,8775300,,1436700000,981075000,455625000,
123950,259000,3353990000,57519350000,54165360000,113892960000,1507102826.1,1439601087,102,118854.3,17445.7,22.7,590200,564200,6887190000,12250,"2023-03-27T14:00:00.000Z",1679925600000,12250,12150,12150,95.8,4.2,0,4.8,0.2,,0,26000,616200,9391500,,7520470000,7203830000,316640000,
123950,501500,6327645000,63403905000,57076260000,122688415000,1507102826.1,1439601087,44.1,118854.3,17445.7,2,481100,242500,2973655000,12200,"2023-03-27T14:05:00.000Z",1679925900000,12250,12150,12250,66.8,33.2,0,3.9,2,,0.5,238600,719700,10111200,,8795455000,5884555000,2910900000,
123950,421300,5359260000,64878885000,59519625000,126606760000,1507102826.1,1439601087,-14.3,118854.3,17445.7,0.6,120900,-80200,-968385000,12150,"2023-03-27T14:10:00.000Z",1679926200000,12200,12150,12150,37.5,62.5,0,1,1.7,,1.7,201100,322000,10433200,,3918345000,1474980000,2443365000,
123950,410500,5231880000,65815845000,60583965000,128608060000,1507102826.1,1439601087,-1.9,118854.3,17445.7,0.9,76800,-10800,-127380000,12150,"2023-03-27T14:15:00.000Z",1679926500000,12200,12150,12150,46.7,53.3,0,0.6,0.7,,1.1,87600,164400,10597600,,2001300000,936960000,1064340000,
123950,234300,3092675000,66472695000,63380020000,132060965000,1507102826.1,1439601087,-31.7,118854.3,17445.7,0.2,54000,-176200,-2139205000,12100,"2023-03-27T14:20:00.000Z",1679926800000,12200,12100,12150,19,81,0,0.4,1.9,,4.3,230200,284200,10881800,,3452905000,656850000,2796055000,
123950,234400,3105080000,69326730000,66221650000,137756630000,1507102826.1,1439601087,0.2,118854.3,17445.7,1,234900,100,12405000,12100,"2023-03-27T14:25:00.000Z",1679927100000,12150,12100,12150,50,50,0,1.9,2,,1,234800,469700,11351500,,5695665000,2854035000,2841630000,
123950,234400,3105080000,69326730000,66221650000,145289630000,1507102826.1,1439601087,0,118854.3,17445.7,NaN,,0,0,12150,"2023-03-27T14:45:00.000Z",1679928300000,12150,12150,12150,0,0,100,,,35.5,NaN,,620000,11971500,620000,7533000000,,,7533000000
