"abu","acum_busd","acum_busd_val","acum_val_bu","acum_val_sd","acum_val","avg_val_bu","avg_val_sd","rbusd","asd","auk","bs","bu","bu-sd","bu-sd_val","c","date","datetime","h","l","o","pbu","psd","puk","rbu","rsd","ruk","sb","sd","sum_vol","total_vol","uk","val","val_bu","val_sd","val_uk"
54502.2,-33000,-248015000,397785000,645800000,1538401000,405216282.6,852319413,0.6,114732.6,7258.7,0.6,52600,-33000,-248015000,7570,"2023-03-14T09:15:00.000Z",1678785300000,7570,7520,7520,25.8,42,32.3,1,0.7,9.1,1.6,85600,204000,204000,65800,1538401000,397785000,645800000,494816000
54502.2,-73100,-550119000,1049557000,1599676000,3144049000,405216282.6,852319413,0.7,114732.6,7258.7,0.7,86200,-40100,-302104000,7550,"2023-03-14T09:20:00.000Z",1678785600000,7580,7530,7580,40.6,59.4,0,1.6,1.1,,1.5,126300,212500,416500,,1605648000,651772000,953876000,
54502.2,-108800,-818610000,1219052000,2037662000,3751530000,405216282.6,852319413,0.6,114732.6,7258.7,0.4,22500,-35700,-268491000,7520,"2023-03-14T09:25:00.000Z",1678785900000,7550,7520,7550,27.9,72.1,0,0.4,0.5,,2.6,58200,80700,497200,,607481000,169495000,437986000,
54502.2,-124600,-936669000,1657816000,2594485000,4747117000,405216282.6,852319413,0.3,114732.6,7258.7,0.8,58300,-15800,-118059000,7510,"2023-03-14T09:30:00.000Z",1678786200000,7530,7510,7530,44,56,0,1.1,0.6,,1.3,74100,132400,629600,,995587000,438764000,556823000,
54502.2,-135600,-1018665000,2138640000,3157305000,5790761000,405216282.6,852319413,0.2,114732.6,7258.7,0.9,64000,-11000,-81996000,7520,"2023-03-14T09:35:00.000Z",1678786500000,7520,7500,7520,46,54,0,1.2,0.7,,1.2,75000,139000,768600,,1043644000,480824000,562820000,
54502.2,-233600,-1754620000,2268588000,4023208000,6786612000,405216282.6,852319413,1.6,114732.6,7258.7,0.2,17300,-98000,-735955000,7510,"2023-03-14T09:40:00.000Z",1678786800000,7520,7510,7520,13,87,0,0.3,1,,6.7,115300,132600,901200,,995851000,129948000,865903000,
54502.2,-229000,-1719641000,2594204000,4313845000,7402865000,405216282.6,852319413,-0.1,114732.6,7258.7,1.1,43300,4600,34979000,7520,"2023-03-14T09:45:00.000Z",1678787100000,7520,7510,7510,52.8,47.2,0,0.8,0.3,,0.9,38700,82000,983200,,616253000,325616000,290637000,
54502.2,-189600,-1423307000,3087524000,4510831000,8093171000,405216282.6,852319413,-0.7,114732.6,7258.7,2.5,65600,39400,296334000,7520,"2023-03-14T09:50:00.000Z",1678787400000,7530,7510,7520,71.5,28.5,0,1.2,0.2,,0.4,26200,91800,1075000,,690306000,493320000,196986000,
54502.2,-264200,-1983150000,3185272000,5168422000,8848510000,405216282.6,852319413,1.3,114732.6,7258.7,0.1,13000,-74600,-559843000,7500,"2023-03-14T09:55:00.000Z",1678787700000,7520,7500,7520,12.9,87.1,0,0.2,0.8,,6.7,87600,100600,1175600,,755339000,97748000,657591000,
54502.2,-473700,-3553432000,3532665000,7086097000,11113578000,405216282.6,852319413,3.5,114732.6,7258.7,0.2,46300,-209500,-1570282000,7480,"2023-03-14T10:00:00.000Z",1678788000000,7510,7480,7500,15.3,84.7,0,0.8,2.2,,5.5,255800,302100,1477700,,2265068000,347393000,1917675000,
54502.2,-532600,-3993846000,3651089000,7644935000,11790840000,405216282.6,852319413,1,114732.6,7258.7,0.2,15800,-58900,-440414000,7500,"2023-03-14T10:05:00.000Z",1678788300000,7500,7480,7480,17.5,82.5,0,0.3,0.7,,4.7,74700,90500,1568200,,677262000,118424000,558838000,
54502.2,-585700,-4390928000,4042631000,8433559000,12971006000,405216282.6,852319413,0.9,114732.6,7258.7,0.5,52300,-53100,-397082000,7480,"2023-03-14T10:10:00.000Z",1678788600000,7500,7470,7500,33.2,66.8,0,1,0.9,,2,105400,157700,1725900,,1180166000,391542000,788624000,
54502.2,-638600,-4785484000,4339369000,9124853000,13959784000,405216282.6,852319413,0.9,114732.6,7258.7,0.4,39700,-52900,-394556000,7480,"2023-03-14T10:15:00.000Z",1678788900000,7480,7460,7480,30,69.9,0.1,0.7,0.8,0,2.3,92600,132400,1858300,100,988778000,296738000,691294000,746000
54502.2,-711700,-5330920000,4591176000,9922096000,15008834000,405216282.6,852319413,1.2,114732.6,7258.7,0.3,33700,-73100,-545436000,7460,"2023-03-14T10:20:00.000Z",1678789200000,7480,7460,7480,24,76,0,0.6,0.9,,3.2,106800,140500,1998800,,1049050000,251807000,797243000,
54502.2,-691300,-5177913000,5222390000,10400303000,16118255000,405216282.6,852319413,-0.3,114732.6,7258.7,1.3,84500,20400,153007000,7470,"2023-03-14T10:25:00.000Z",1678789500000,7470,7460,7470,56.9,43.1,0,1.6,0.6,,0.8,64100,148600,2147400,,1109421000,631214000,478207000,
54502.2,-612800,-4590362000,5851056000,10441418000,16788036000,405216282.6,852319413,-1.3,114732.6,7258.7,15.3,84000,78500,587551000,7500,"2023-03-14T10:30:00.000Z",1678789800000,7500,7470,7470,93.9,6.1,0,1.5,0,,0.1,5500,89500,2236900,,669781000,628666000,41115000,
54502.2,-596300,-4466522000,6178105000,10644627000,17318294000,405216282.6,852319413,-0.3,114732.6,7258.7,1.6,43600,16500,123840000,7510,"2023-03-14T10:35:00.000Z",1678790100000,7510,7490,7500,61.7,38.3,0,0.8,0.2,,0.6,27100,70700,2307600,,530258000,327049000,203209000,
54502.2,-591300,-4428818000,6343309000,10772127000,17610998000,405216282.6,852319413,-0.1,114732.6,7258.7,1.3,22000,5000,37704000,7510,"2023-03-14T10:40:00.000Z",1678790400000,7510,7500,7510,56.4,43.6,0,0.4,0.1,,0.8,17000,39000,2346600,,292704000,165204000,127500000,
54502.2,-616400,-4616933000,6449193000,11066126000,18010881000,405216282.6,852319413,0.4,114732.6,7258.7,0.4,14100,-25100,-188115000,7500,"2023-03-14T10:45:00.000Z",1678790700000,7510,7490,7510,26.5,73.5,0,0.3,0.3,,2.8,39200,53300,2399900,,399883000,105884000,293999000,
54502.2,-765500,-5731473000,6474591000,12206064000,19176217000,405216282.6,852319413,2.5,114732.6,7258.7,0,3400,-149100,-1114540000,7470,"2023-03-14T10:50:00.000Z",1678791000000,7490,7460,7490,2.2,97.8,0,0.1,1.3,,44.9,152500,155900,2555800,,1165336000,25398000,1139938000,
54502.2,-746500,-5589251000,7015426000,12604677000,20115665000,405216282.6,852319413,-0.3,114732.6,7258.7,1.4,72400,19000,142222000,7470,"2023-03-14T10:55:00.000Z",1678791300000,7480,7460,7460,57.6,42.4,0,1.3,0.5,,0.7,53400,125800,2681600,,939448000,540835000,398613000,
54502.2,-1132500,-8466103000,7178175000,15644278000,23318015000,405216282.6,852319413,6.4,114732.6,7258.7,0.1,21800,-386000,-2876852000,7450,"2023-03-14T11:00:00.000Z",1678791600000,7470,7450,7470,5.1,94.9,0,0.4,3.6,,18.7,407800,429600,3111200,,3202350000,162749000,3039601000,
54502.2,-1334500,-9966421000,7472461000,17438882000,25406905000,405216282.6,852319413,3.4,114732.6,7258.7,0.2,39600,-202000,-1500318000,7420,"2023-03-14T11:05:00.000Z",1678791900000,7450,7410,7440,14.1,85.9,0,0.7,2.1,,6.1,241600,281200,3392400,,2088890000,294286000,1794604000,
54502.2,-1432700,-10694836000,7590698000,18285534000,26371794000,405216282.6,852319413,1.6,114732.6,7258.7,0.1,15900,-98200,-728415000,7410,"2023-03-14T11:10:00.000Z",1678792200000,7440,7410,7420,12.2,87.8,0,0.3,1,,7.2,114100,130000,3522400,,964889000,118237000,846652000,
54502.2,-1863800,-13884372000,8112697000,21997069000,30605328000,405216282.6,852319413,7.1,114732.6,7258.7,0.1,70500,-431100,-3189536000,7390,"2023-03-14T11:15:00.000Z",1678792500000,7420,7380,7410,12.3,87.7,0,1.3,4.4,,7.1,501600,572100,4094500,,4233534000,521999000,3711535000,
54502.2,-1866800,-13905058000,8887162000,22792220000,32174944000,405216282.6,852319413,0,114732.6,7258.7,1,104900,-3000,-20686000,7410,"2023-03-14T11:20:00.000Z",1678792800000,7410,7360,7380,49.3,50.7,0,1.9,0.9,,1,107900,212800,4307300,,1569616000,774465000,795151000,
54502.2,-1873100,-13951342000,9174303000,23125645000,32795510000,405216282.6,852319413,0.1,114732.6,7258.7,0.9,38700,-6300,-46284000,7410,"2023-03-14T11:25:00.000Z",1678793100000,7440,7400,7410,46.2,53.8,0,0.7,0.4,,1.2,45000,83700,4391000,,620566000,287141000,333425000,
54502.2,-2031400,-15120349000,9945612000,25065961000,35507135000,405216282.6,852319413,2.6,114732.6,7258.7,0.4,104300,-158300,-1169007000,7370,"2023-03-14T13:00:00.000Z",1678798800000,7410,7360,7410,28.4,71.6,0,1.9,2.3,,2.5,262600,366900,4757900,,2711625000,771309000,1940316000,
54502.2,-2062700,-15350560000,10283983000,25634543000,36414088000,405216282.6,852319413,0.5,114732.6,7258.7,0.6,45800,-31300,-230211000,7400,"2023-03-14T13:05:00.000Z",1678799100000,7400,7370,7370,37.3,62.7,0,0.8,0.7,,1.7,77100,122900,4880800,,906953000,338371000,568582000,
54502.2,-2101200,-15634817000,10343171000,25977988000,36816721000,405216282.6,852319413,0.6,114732.6,7258.7,0.2,8000,-38500,-284257000,7390,"2023-03-14T13:10:00.000Z",1678799400000,7400,7380,7390,14.7,85.3,0,0.1,0.4,,5.8,46500,54500,4935300,,402633000,59188000,343445000,
54502.2,-2420100,-17983805000,10574056000,28557861000,39627479000,405216282.6,852319413,5.3,114732.6,7258.7,0.1,31300,-318900,-2348988000,7360,"2023-03-14T13:15:00.000Z",1678799700000,7390,7350,7390,8.2,91.8,0,0.6,3.1,,11.2,350200,381500,5316800,,2810758000,230885000,2579873000,
54502.2,-2405500,-17875187000,11631623000,29506810000,41643563000,405216282.6,852319413,-0.2,114732.6,7258.7,1.1,143500,14600,108618000,7380,"2023-03-14T13:20:00.000Z",1678800000000,7380,7350,7360,52.4,47.1,0.5,2.6,1.1,0.2,0.9,128900,273700,5590500,1300,2016084000,1057567000,948949000,9568000
54502.2,-2392800,-17780891000,12052635000,29833526000,42391291000,405216282.6,852319413,-0.2,114732.6,7258.7,1.3,57000,12700,94296000,7390,"2023-03-14T13:25:00.000Z",1678800300000,7390,7370,7370,56.3,43.7,0,1,0.4,,0.8,44300,101300,5691800,,747728000,421012000,326716000,
54502.2,-2393300,-17784343000,12506676000,30291019000,43303563000,405216282.6,852319413,0,114732.6,7258.7,1,61500,-500,-3452000,7380,"2023-03-14T13:30:00.000Z",1678800600000,7390,7370,7390,49.8,50.2,0.1,1.1,0.5,0,1,62000,123600,5815400,100,912272000,454041000,457493000,738000
54502.2,-2398300,-17821091000,12954686000,30775777000,44236331000,405216282.6,852319413,0.1,114732.6,7258.7,0.9,60700,-5000,-36748000,7380,"2023-03-14T13:35:00.000Z",1678800900000,7390,7370,7380,48,52,0,1.1,0.6,,1.1,65700,126400,5941800,,932768000,448010000,484758000,
54502.2,-2438500,-18116596000,13754543000,31871139000,46131550000,405216282.6,852319413,0.7,114732.6,7258.7,0.7,108500,-40200,-295505000,7380,"2023-03-14T13:40:00.000Z",1678801200000,7380,7360,7380,42.2,57.8,0,2,1.3,,1.4,148700,257200,6199000,,1895219000,799857000,1095362000,
54502.2,-2330400,-17317660000,14729949000,32047609000,47283426000,405216282.6,852319413,-1.8,114732.6,7258.7,5.5,132000,108100,798936000,7400,"2023-03-14T13:45:00.000Z",1678801500000,7400,7370,7390,84.7,15.3,0,2.4,0.2,,0.2,23900,155900,6354900,,1151876000,975406000,176470000,
54502.2,-2268600,-16859996000,15359343000,32219339000,48084550000,405216282.6,852319413,-1,114732.6,7258.7,3.7,85000,61800,457664000,7410,"2023-03-14T13:50:00.000Z",1678801800000,7430,7390,7400,78.6,21.4,0,1.6,0.2,,0.3,23200,108200,6463100,,801124000,629394000,171730000,
54502.2,-2316900,-17217223000,15724504000,32941727000,49172099000,405216282.6,852319413,0.8,114732.6,7258.7,0.5,49300,-48300,-357227000,7400,"2023-03-14T13:55:00.000Z",1678802100000,7410,7400,7410,33.6,66.4,0,0.9,0.9,,2,97600,146900,6610000,,1087549000,365161000,722388000,
54502.2,-2362400,-17553625000,15997834000,33551459000,50072921000,405216282.6,852319413,0.8,114732.6,7258.7,0.4,36900,-45500,-336402000,7410,"2023-03-14T14:00:00.000Z",1678802400000,7410,7390,7400,30.3,67.7,2,0.7,0.7,0.3,2.2,82400,121700,6731700,2400,900822000,273330000,609732000,17760000
54502.2,-2598800,-19300503000,16412949000,35713452000,52650029000,405216282.6,852319413,3.9,114732.6,7258.7,0.2,56000,-236400,-1746878000,7380,"2023-03-14T14:05:00.000Z",1678802700000,7420,7380,7420,16.1,83.9,0,1,2.5,,5.2,292400,348400,7080100,,2577108000,415115000,2161993000,
54502.2,-2630000,-19530410000,16767191000,36297601000,53588420000,405216282.6,852319413,0.5,114732.6,7258.7,0.6,48000,-31200,-229907000,7380,"2023-03-14T14:10:00.000Z",1678803000000,7390,7370,7390,37.7,62.3,0,0.9,0.7,,1.7,79200,127200,7207300,,938391000,354242000,584149000,
54502.2,-2588300,-19222075000,17402450000,36624525000,54550603000,405216282.6,852319413,-0.7,114732.6,7258.7,1.9,86000,41700,308335000,7400,"2023-03-14T14:15:00.000Z",1678803300000,7400,7370,7380,66,34,0,1.6,0.4,,0.5,44300,130300,7337600,,962183000,635259000,326924000,
54502.2,-2654500,-19711157000,17520087000,37231244000,55274959000,405216282.6,852319413,1.1,114732.6,7258.7,0.2,15900,-66200,-489082000,7390,"2023-03-14T14:20:00.000Z",1678803600000,7400,7390,7390,16.2,83.8,0,0.3,0.7,,5.2,82100,98000,7435600,,724356000,117637000,606719000,
54502.2,-2770600,-20566744000,18639949000,39206693000,58371009000,405216282.6,852319413,1.9,114732.6,7258.7,0.6,151400,-116100,-855587000,7390,"2023-03-14T14:25:00.000Z",1678803900000,7400,7380,7390,36.1,63.8,0,2.8,2.3,0,1.8,267500,419000,7854600,100,3096050000,1119862000,1975449000,739000
54502.2,-2770600,-20566744000,18639949000,39206693000,60320067000,405216282.6,852319413,0,114732.6,7258.7,NaN,,0,0,7380,"2023-03-14T14:45:00.000Z",1678805100000,7380,7380,7380,0,0,100,,,36.4,NaN,,264100,8118700,264100,1949058000,,,1949058000
