"abu","acum_busd","acum_busd_val","acum_val_bu","acum_val_sd","acum_val","avg_val_bu","avg_val_sd","rbusd","asd","auk","bs","bu","bu-sd","bu-sd_val","c","date","datetime","h","l","o","pbu","psd","puk","rbu","rsd","ruk","sb","sd","sum_vol","total_vol","uk","val","val_bu","val_sd","val_uk"
106089.1,5400,74375000,2466560000,2392185000,5707495000,1306043260.9,1681985760.9,-0.2,137313,8900,1,199400,5400,74375000,12350,"2023-03-14T09:15:00.000Z",1678785300000,12450,12300,12300,43.1,42,14.9,1.9,1.4,7.8,1,194000,462400,462400,69000,5707495000,2466560000,2392185000,848750000
106089.1,164000,2037900000,4843980000,2806080000,8498810000,1306043260.9,1681985760.9,-5.2,137313,8900,5.7,192000,158600,1963525000,12400,"2023-03-14T09:20:00.000Z",1678785600000,12450,12300,12350,85.2,14.8,0,1.8,0.2,,0.2,33400,225400,687800,,2791315000,2377420000,413895000,
106089.1,-71900,-868040000,5218215000,6086255000,12153220000,1306043260.9,1681985760.9,7.7,137313,8900,0.1,30300,-235900,-2905940000,12300,"2023-03-14T09:25:00.000Z",1678785900000,12400,12250,12350,10.2,89.8,0,0.3,1.9,,8.8,266200,296500,984300,,3654410000,374235000,3280175000,
106089.1,-28000,-326435000,6265120000,6591555000,13705425000,1306043260.9,1681985760.9,-1.4,137313,8900,2.1,85100,43900,541605000,12350,"2023-03-14T09:30:00.000Z",1678786200000,12350,12250,12250,67.4,32.6,0,0.8,0.3,,0.5,41200,126300,1110600,,1552205000,1046905000,505300000,
106089.1,-61500,-739650000,6991300000,7730950000,15571000000,1306043260.9,1681985760.9,1.1,137313,8900,0.6,58800,-33500,-413215000,12350,"2023-03-14T09:35:00.000Z",1678786500000,12350,12300,12350,38.9,61.1,0,0.6,0.7,,1.6,92300,151100,1261700,,1865575000,726180000,1139395000,
106089.1,-112100,-1362105000,7641920000,9004025000,17494695000,1306043260.9,1681985760.9,1.7,137313,8900,0.5,52600,-50600,-622455000,12300,"2023-03-14T09:40:00.000Z",1678786800000,12400,12300,12400,33.8,66.2,0,0.5,0.8,,2,103200,155800,1417500,,1923695000,650620000,1273075000,
106089.1,-173100,-2112270000,7675265000,9787535000,18311550000,1306043260.9,1681985760.9,2,137313,8900,0,2700,-61000,-750165000,12350,"2023-03-14T09:45:00.000Z",1678787100000,12350,12300,12300,4.1,95.9,0,0,0.5,,23.6,63700,66400,1483900,,816855000,33345000,783510000,
106089.1,-104500,-1265060000,8645975000,9911035000,19405760000,1306043260.9,1681985760.9,-2.3,137313,8900,7.9,78600,68600,847210000,12350,"2023-03-14T09:50:00.000Z",1678787400000,12350,12350,12350,88.7,11.3,0,0.7,0.1,,0.1,10000,88600,1572500,,1094210000,970710000,123500000,
106089.1,-124000,-1505045000,8791705000,10296750000,19937205000,1306043260.9,1681985760.9,0.6,137313,8900,0.4,11800,-19500,-239985000,12350,"2023-03-14T09:55:00.000Z",1678787700000,12350,12300,12350,27.4,72.6,0,0.1,0.2,,2.7,31300,43100,1615600,,531445000,145730000,385715000,
106089.1,-290600,-3552245000,8962680000,12514925000,22326355000,1306043260.9,1681985760.9,5.4,137313,8900,0.1,13900,-166600,-2047200000,12300,"2023-03-14T10:00:00.000Z",1678788000000,12350,12250,12300,7.2,92.8,0,0.1,1.3,,13,180500,194400,1810000,,2389150000,170975000,2218175000,
106089.1,-391200,-4784560000,9939040000,14723600000,25511390000,1306043260.9,1681985760.9,3.3,137313,8900,0.4,79700,-100600,-1232315000,12250,"2023-03-14T10:05:00.000Z",1678788300000,12300,12250,12250,30.7,69.3,0,0.8,1.3,,2.3,180300,260000,2070000,,3185035000,976360000,2208675000,
106089.1,-316000,-3858810000,10908990000,14767800000,26525540000,1306043260.9,1681985760.9,-2.5,137313,8900,21.9,78800,75200,925750000,12350,"2023-03-14T10:10:00.000Z",1678788600000,12350,12250,12250,95.6,4.4,0,0.7,0,,0,3600,82400,2152400,,1014150000,969950000,44200000,
106089.1,-205900,-2498740000,12790185000,15288925000,28927860000,1306043260.9,1681985760.9,-3.6,137313,8900,3.6,152300,110100,1360070000,12350,"2023-03-14T10:15:00.000Z",1678788900000,12400,12300,12300,78.3,21.7,0,1.4,0.3,,0.3,42200,194500,2346900,,2402320000,1881195000,521125000,
106089.1,-155300,-1872070000,14096825000,15968895000,30914470000,1306043260.9,1681985760.9,-1.7,137313,8900,1.9,105800,50600,626670000,12350,"2023-03-14T10:20:00.000Z",1678789200000,12400,12300,12350,65.7,34.3,0,1,0.4,,0.5,55200,161000,2507900,,1986610000,1306640000,679970000,
106089.1,-66000,-768840000,15325650000,16094490000,32268890000,1306043260.9,1681985760.9,-2.9,137313,8900,9.8,99500,89300,1103230000,12350,"2023-03-14T10:25:00.000Z",1678789500000,12350,12300,12350,90.7,9.3,0,0.9,0.1,,0.1,10200,109700,2617600,,1354420000,1228825000,125595000,
106089.1,-27900,-297095000,16235815000,16532910000,33617475000,1306043260.9,1681985760.9,-1.3,137313,8900,2.1,73600,38100,471745000,12400,"2023-03-14T10:30:00.000Z",1678789800000,12400,12300,12350,67.5,32.5,0,0.7,0.3,,0.5,35500,109100,2726700,,1348585000,910165000,438420000,
106089.1,18800,282505000,18383940000,18101435000,37358925000,1306043260.9,1681985760.9,-1.5,137313,8900,1.4,173200,46700,579600000,12400,"2023-03-14T10:35:00.000Z",1678790100000,12450,12350,12400,57.4,41.9,0.7,1.6,0.9,0.2,0.7,126500,301700,3028400,2000,3741450000,2148125000,1568525000,24800000
106089.1,2500,81510000,18460820000,18379310000,37713680000,1306043260.9,1681985760.9,0.5,137313,8900,0.3,6200,-16300,-200995000,12350,"2023-03-14T10:40:00.000Z",1678790400000,12400,12350,12400,21.6,78.4,0,0.1,0.2,,3.6,22500,28700,3057100,,354755000,76880000,277875000,
106089.1,-41800,-463205000,19336355000,19799560000,40009465000,1306043260.9,1681985760.9,1.4,137313,8900,0.6,70700,-44300,-544715000,12350,"2023-03-14T10:45:00.000Z",1678790700000,12400,12350,12400,38.1,61.9,0,0.7,0.8,,1.6,115000,185700,3242800,,2295785000,875535000,1420250000,
106089.1,-350800,-4263625000,19666275000,23929900000,44469725000,1306043260.9,1681985760.9,10.1,137313,8900,0.1,26800,-309000,-3800420000,12300,"2023-03-14T10:50:00.000Z",1678791000000,12350,12300,12300,7.4,92.6,0,0.3,2.4,,12.5,335800,362600,3605400,,4460260000,329920000,4130340000,
106089.1,-444000,-5408735000,20120165000,25528900000,46600105000,1306043260.9,1681985760.9,3,137313,8900,0.3,36800,-93200,-1145110000,12300,"2023-03-14T10:55:00.000Z",1678791300000,12350,12300,12300,21.3,75.1,3.6,0.3,0.9,0.7,3.5,130000,173100,3778500,6300,2130380000,453890000,1599000000,77490000
106089.1,-676800,-8262550000,21556755000,29819305000,52327100000,1306043260.9,1681985760.9,7.6,137313,8900,0.3,116800,-232800,-2853815000,12300,"2023-03-14T11:00:00.000Z",1678791600000,12300,12200,12300,25,75,0,1.1,2.5,,3,349600,466400,4244900,,5726995000,1436590000,4290405000,
106089.1,-709100,-8654720000,22847025000,31501745000,55299810000,1306043260.9,1681985760.9,1,137313,8900,0.8,104900,-32300,-392170000,12250,"2023-03-14T11:05:00.000Z",1678791900000,12300,12250,12300,43.3,56.7,0,1,1,,1.3,137200,242100,4487000,,2972710000,1290270000,1682440000,
106089.1,-1139600,-13911855000,23263965000,37175820000,61390825000,1306043260.9,1681985760.9,14,137313,8900,0.1,33900,-430500,-5257135000,12150,"2023-03-14T11:10:00.000Z",1678792200000,12300,12150,12250,6.8,93.2,0,0.3,3.4,,13.7,464400,498300,4985300,,6091015000,416940000,5674075000,
106089.1,-1494300,-18215435000,24850775000,43066210000,68868025000,1306043260.9,1681985760.9,11.4,137313,8900,0.3,130600,-354700,-4303580000,12150,"2023-03-14T11:15:00.000Z",1678792500000,12200,12100,12150,21.2,78.8,0,1.2,3.5,,3.7,485300,615900,5601200,,7477200000,1586810000,5890390000,
106089.1,-1538600,-18732820000,28280125000,47012945000,76244110000,1306043260.9,1681985760.9,1.4,137313,8900,0.9,281100,-44300,-517385000,12250,"2023-03-14T11:20:00.000Z",1678792800000,12300,12100,12200,46.3,53.7,0,2.6,2.4,,1.2,325400,606500,6207700,,7376085000,3429350000,3946735000,
106089.1,-1483300,-18052030000,29329435000,47381465000,77661940000,1306043260.9,1681985760.9,-1.8,137313,8900,2.8,85300,55300,680790000,12300,"2023-03-14T11:25:00.000Z",1678793100000,12350,12250,12250,74,26,0,0.8,0.2,,0.4,30000,115300,6323000,,1417830000,1049310000,368520000,
106089.1,-1489000,-18118415000,30905385000,49023800000,80880225000,1306043260.9,1681985760.9,0.2,137313,8900,1,129000,-5700,-66385000,12250,"2023-03-14T13:00:00.000Z",1678798800000,12300,12150,12250,48.9,51.1,0,1.2,1,,1,134700,263700,6586700,,3218285000,1575950000,1642335000,
106089.1,-1390600,-16910850000,32795020000,49705870000,83451930000,1306043260.9,1681985760.9,-3.2,137313,8900,2.8,154200,98400,1207565000,12250,"2023-03-14T13:05:00.000Z",1678799100000,12300,12200,12250,73.4,26.6,0,1.5,0.4,,0.4,55800,210000,6796700,,2571705000,1889635000,682070000,
106089.1,-1526900,-18576575000,33070650000,51647225000,85668915000,1306043260.9,1681985760.9,4.4,137313,8900,0.1,22500,-136300,-1665725000,12200,"2023-03-14T13:10:00.000Z",1678799400000,12300,12200,12250,12.4,87.6,0,0.2,1.2,,7.1,158800,181300,6978000,,2216985000,275630000,1941355000,
106089.1,-2021300,-24559530000,34330505000,58890035000,94177655000,1306043260.9,1681985760.9,15.9,137313,8900,0.2,103900,-494400,-5982955000,12150,"2023-03-14T13:15:00.000Z",1678799700000,12200,12050,12200,14.8,85.1,0.1,1,4.4,0.1,5.8,598300,702700,7680700,500,8508740000,1259855000,7242810000,6075000
106089.1,-1967400,-23902745000,37161740000,61064485000,99183340000,1306043260.9,1681985760.9,-1.7,137313,8900,1.3,232400,53900,656785000,12200,"2023-03-14T13:20:00.000Z",1678800000000,12250,12100,12150,56.6,43.4,0,2.2,1.3,,0.8,178500,410900,8091600,,5005685000,2831235000,2174450000,
106089.1,-1965900,-23884325000,38549665000,62433990000,101940770000,1306043260.9,1681985760.9,0,137313,8900,1,113300,1500,18420000,12250,"2023-03-14T13:25:00.000Z",1678800300000,12250,12200,12250,50.3,49.7,0,1.1,0.8,,1,111800,225100,8316700,,2757430000,1387925000,1369505000,
106089.1,-1994600,-24233275000,38841215000,63074490000,102872820000,1306043260.9,1681985760.9,0.9,137313,8900,0.5,23800,-28700,-348950000,12200,"2023-03-14T13:30:00.000Z",1678800600000,12250,12200,12200,31.2,68.8,0,0.2,0.4,,2.2,52500,76300,8393000,,932050000,291550000,640500000,
106089.1,-2115900,-25712610000,39026655000,64739265000,104723035000,1306043260.9,1681985760.9,3.9,137313,8900,0.1,15200,-121300,-1479335000,12150,"2023-03-14T13:35:00.000Z",1678800900000,12200,12150,12200,10,90,0,0.1,1,,9,136500,151700,8544700,,1850215000,185440000,1664775000,
106089.1,-1987700,-24145970000,40711205000,64857175000,106525495000,1306043260.9,1681985760.9,-4.2,137313,8900,14.2,137900,128200,1566640000,12250,"2023-03-14T13:40:00.000Z",1678801200000,12250,12150,12150,93.4,6.6,0,1.3,0.1,,0.1,9700,147600,8692300,,1802460000,1684550000,117910000,
106089.1,-1859500,-22573130000,42560745000,65133875000,108651735000,1306043260.9,1681985760.9,-4.2,137313,8900,6.7,150800,128200,1572840000,12300,"2023-03-14T13:45:00.000Z",1678801500000,12300,12200,12250,87,13,0,1.4,0.2,,0.1,22600,173400,8865700,,2126240000,1849540000,276700000,
106089.1,-1654600,-20047180000,45321425000,65368605000,111647145000,1306043260.9,1681985760.9,-6.7,137313,8900,11.7,224000,204900,2525950000,12350,"2023-03-14T13:50:00.000Z",1678801800000,12350,12250,12250,92.1,7.9,0,2.1,0.1,,0.1,19100,243100,9108800,,2995410000,2760680000,234730000,
106089.1,-1563700,-18919880000,48212550000,67132430000,116302095000,1306043260.9,1681985760.9,-3,137313,8900,1.6,233500,90900,1127300000,12350,"2023-03-14T13:55:00.000Z",1678802100000,12450,12350,12350,62.1,37.9,0,2.2,1,,0.6,142600,376100,9484900,,4654950000,2891125000,1763825000,
106089.1,-1355200,-16328885000,51145985000,67474870000,119577970000,1306043260.9,1681985760.9,-6.9,137313,8900,8.5,236200,208500,2590995000,12450,"2023-03-14T14:00:00.000Z",1678802400000,12450,12350,12350,89.5,10.5,0,2.2,0.2,,0.1,27700,263900,9748800,,3275875000,2933435000,342440000,
106089.1,-1519500,-18345605000,52785975000,71131580000,124874670000,1306043260.9,1681985760.9,5.4,137313,8900,0.4,132100,-164300,-2016720000,12300,"2023-03-14T14:05:00.000Z",1678802700000,12450,12250,12450,30.8,69.2,0,1.2,2.2,,2.2,296400,428500,10177300,,5296700000,1639990000,3656710000,
106089.1,-1577600,-19054075000,53798020000,72852095000,127607230000,1306043260.9,1681985760.9,1.9,137313,8900,0.6,82300,-58100,-708470000,12300,"2023-03-14T14:10:00.000Z",1678803000000,12300,12250,12250,37,63,0,0.8,1,,1.7,140400,222700,10400000,,2732560000,1012045000,1720515000,
106089.1,-1577300,-19047875000,55518755000,74566630000,131042500000,1306043260.9,1681985760.9,0,137313,8900,1,139700,300,6200000,12350,"2023-03-14T14:15:00.000Z",1678803300000,12350,12250,12300,50.1,49.9,0,1.3,1,,1,139400,279100,10679100,,3435270000,1720735000,1714535000,
106089.1,-1313600,-15781675000,59058915000,74840590000,134856620000,1306043260.9,1681985760.9,-8.7,137313,8900,12.9,285800,263700,3266200000,12400,"2023-03-14T14:20:00.000Z",1678803600000,12400,12350,12350,92.8,7.2,0,2.7,0.2,,0.1,22100,307900,10987000,,3814120000,3540160000,273960000,
106089.1,-1436300,-17293355000,60077990000,77371345000,138418800000,1306043260.9,1681985760.9,4,137313,8900,0.4,82300,-122700,-1511680000,12350,"2023-03-14T14:25:00.000Z",1678803900000,12400,12300,12400,28.5,71.1,0.3,0.8,1.5,0.1,2.5,205000,288300,11275300,1000,3562180000,1019075000,2530755000,12350000
106089.1,-1436300,-17293355000,60077990000,77371345000,142518240000,1306043260.9,1681985760.9,0,137313,8900,NaN,,0,0,12400,"2023-03-14T14:45:00.000Z",1678805100000,12400,12400,12400,0,0,100,,,37.1,NaN,,330600,11605900,330600,4099440000,,,4099440000
