"abu","acum_busd","acum_busd_val","acum_val_bu","acum_val_sd","acum_val","avg_val_bu","avg_val_sd","rbusd","asd","auk","bs","bu","bu-sd","bu-sd_val","c","date","datetime","h","l","o","pbu","psd","puk","rbu","rsd","ruk","sb","sd","sum_vol","total_vol","uk","val","val_bu","val_sd","val_uk"
164997.8,-155500,-3021080000,2067065000,5088145000,23997490000,3188855000,4997807282.6,1.7,258758.7,76002.2,0.4,106200,-155500,-3021080000,19450,"2023-03-14T09:15:00.000Z",1678785300000,19600,19400,19600,8.7,21.3,70,0.6,1,11.3,2.5,261700,1227200,1227200,859300,23997490000,2067065000,5088145000,16842280000
164997.8,-370400,-7176725000,3273635000,10450360000,30566275000,3188855000,4997807282.6,2.3,258758.7,76002.2,0.2,62200,-214900,-4155645000,19300,"2023-03-14T09:20:00.000Z",1678785600000,19450,19300,19450,18.3,81.7,0,0.4,1.1,,4.5,277100,339300,1566500,,6568785000,1206570000,5362215000,
164997.8,-331700,-6422895000,7052355000,13475250000,37369885000,3188855000,4997807282.6,-0.4,258758.7,76002.2,1.2,195500,38700,753830000,19300,"2023-03-14T09:25:00.000Z",1678785900000,19400,19200,19350,55.5,44.5,0,1.2,0.6,,0.8,156800,352300,1918800,,6803610000,3778720000,3024890000,
164997.8,25000,502770000,15244600000,14741830000,48413510000,3188855000,4997807282.6,-3.8,258758.7,76002.2,6.4,422300,356700,6925665000,19450,"2023-03-14T09:30:00.000Z",1678786200000,19450,19250,19350,74.1,11.5,14.4,2.6,0.3,1.1,0.2,65600,570000,2488800,82100,11043625000,8192245000,1266580000,1584800000
164997.8,-103700,-1999660000,16110260000,18109920000,52656985000,3188855000,4997807282.6,1.4,258758.7,76002.2,0.3,44500,-128700,-2502430000,19450,"2023-03-14T09:35:00.000Z",1678786500000,19500,19400,19450,20.4,79.4,0.2,0.3,0.7,0,3.9,173200,218200,2707000,500,4243475000,865660000,3368090000,9725000
164997.8,-120700,-2326725000,18620730000,20947455000,58014690000,3188855000,4997807282.6,0.2,258758.7,76002.2,0.9,129300,-17000,-327065000,19350,"2023-03-14T09:40:00.000Z",1678786800000,19450,19350,19400,46.8,53,0.2,0.8,0.6,0,1.1,146300,276100,2983100,500,5357705000,2510470000,2837535000,9700000
164997.8,60800,1203980000,22388115000,21184135000,62018755000,3188855000,4997807282.6,-2,258758.7,76002.2,15.9,193700,181500,3530705000,19450,"2023-03-14T09:45:00.000Z",1678787100000,19450,19400,19450,94.1,5.9,0,1.2,0,,0.1,12200,205900,3189000,,4004065000,3767385000,236680000,
164997.8,161500,3164440000,25064435000,21899995000,65410935000,3188855000,4997807282.6,-1.1,258758.7,76002.2,3.7,137600,100700,1960460000,19450,"2023-03-14T09:50:00.000Z",1678787400000,19450,19400,19450,78.9,21.1,0,0.8,0.1,,0.3,36900,174500,3363500,,3392180000,2676320000,715860000,
164997.8,156000,3060960000,26317015000,23256055000,68019575000,3188855000,4997807282.6,0.1,258758.7,76002.2,0.9,64400,-5500,-103480000,19400,"2023-03-14T09:55:00.000Z",1678787700000,19450,19400,19400,48,52,0,0.4,0.3,,1.1,69900,134300,3497800,,2608640000,1252580000,1356060000,
164997.8,-167900,-3221130000,31364920000,34586050000,84397475000,3188855000,4997807282.6,3.5,258758.7,76002.2,0.4,260200,-323900,-6282090000,19400,"2023-03-14T10:00:00.000Z",1678788000000,19450,19350,19400,30.8,69.2,0,1.6,2.3,,2.2,584100,844300,4342100,,16377900000,5047905000,11329995000,
164997.8,-285700,-5498275000,36787625000,42285900000,97520030000,3188855000,4997807282.6,1.3,258758.7,76002.2,0.7,279100,-117800,-2277145000,19450,"2023-03-14T10:05:00.000Z",1678788300000,19450,19350,19400,41.3,58.7,0,1.7,1.5,,1.4,396900,676000,5018100,,13122555000,5422705000,7699850000,
164997.8,-135100,-2566145000,40868235000,43434380000,102749120000,3188855000,4997807282.6,-1.6,258758.7,76002.2,3.5,209800,150600,2932130000,19400,"2023-03-14T10:10:00.000Z",1678788600000,19450,19400,19400,78,22,0,1.3,0.2,,0.3,59200,269000,5287100,,5229090000,4080610000,1148480000,
164997.8,37100,785975000,45318395000,44532420000,108297320000,3188855000,4997807282.6,-1.9,258758.7,76002.2,4,228800,172200,3352120000,19400,"2023-03-14T10:15:00.000Z",1678788900000,19450,19400,19450,80.2,19.8,0,1.4,0.2,,0.2,56600,285400,5572500,,5548200000,4450160000,1098040000,
164997.8,-69000,-1272065000,45435095000,46707160000,110588760000,3188855000,4997807282.6,1.1,258758.7,76002.2,0.1,6000,-106100,-2058040000,19450,"2023-03-14T10:20:00.000Z",1678789200000,19450,19400,19400,5.1,94.9,0,0,0.4,,18.7,112100,118100,5690600,,2291440000,116700000,2174740000,
164997.8,-128700,-2424450000,47689350000,50113800000,116249655000,3188855000,4997807282.6,0.6,258758.7,76002.2,0.7,115900,-59700,-1152385000,19400,"2023-03-14T10:25:00.000Z",1678789500000,19450,19400,19400,39.8,60.2,0,0.7,0.7,,1.5,175600,291500,5982100,,5660895000,2254255000,3406640000,
164997.8,-23500,-377665000,49986395000,50364060000,118796960000,3188855000,4997807282.6,-1.1,258758.7,76002.2,9.2,118100,105200,2046785000,19400,"2023-03-14T10:30:00.000Z",1678789800000,19450,19400,19450,90.2,9.8,0,0.7,0,,0.1,12900,131000,6113100,,2547305000,2297045000,250260000,
164997.8,-1068600,-20652100000,50580540000,71232640000,140259685000,3188855000,4997807282.6,11.2,258758.7,76002.2,0,30600,-1045100,-20274435000,19400,"2023-03-14T10:35:00.000Z",1678790100000,19450,19400,19400,2.8,97.2,0,0.2,4.2,,35.2,1075700,1106300,7219400,,21462725000,594145000,20868580000,
164997.8,-1304900,-25219055000,54924200000,80143255000,153513960000,3188855000,4997807282.6,2.5,258758.7,76002.2,0.5,223900,-236300,-4566955000,19350,"2023-03-14T10:40:00.000Z",1678790400000,19400,19350,19400,32.7,67.3,0,1.4,1.8,,2.1,460200,684100,7903500,,13254275000,4343660000,8910615000,
164997.8,-1346800,-26027355000,55880620000,81907975000,156235100000,3188855000,4997807282.6,0.4,258758.7,76002.2,0.5,49300,-41900,-808300000,19350,"2023-03-14T10:45:00.000Z",1678790700000,19400,19350,19350,35.1,64.9,0,0.3,0.4,,1.8,91200,140500,8044000,,2721140000,956420000,1764720000,
164997.8,-1562000,-30188020000,62444335000,92632355000,174212055000,3188855000,4997807282.6,2.3,258758.7,76002.2,0.6,339100,-215200,-4160665000,19350,"2023-03-14T10:50:00.000Z",1678791000000,19400,19300,19400,36.5,59.7,3.8,2.1,2.1,0.5,1.6,554300,929000,8973000,35600,17976955000,6563715000,10724380000,688860000
164997.8,-1851000,-35776790000,63744135000,99520925000,182400425000,3188855000,4997807282.6,3.1,258758.7,76002.2,0.2,67000,-289000,-5588770000,19300,"2023-03-14T10:55:00.000Z",1678791300000,19400,19300,19350,15.8,84.2,0,0.4,1.4,,5.3,356000,423000,9396000,,8188370000,1299800000,6888570000,
164997.8,-2073500,-40078500000,67839530000,107918030000,194892925000,3188855000,4997807282.6,2.4,258758.7,76002.2,0.5,211500,-222500,-4301710000,19350,"2023-03-14T11:00:00.000Z",1678791600000,19400,19300,19300,32.8,67.2,0,1.3,1.7,,2.1,434000,645500,10041500,,12492500000,4095395000,8397105000,
164997.8,-1968600,-38036375000,72615810000,110652185000,202403360000,3188855000,4997807282.6,-1.1,258758.7,76002.2,1.7,246200,104900,2042125000,19350,"2023-03-14T11:05:00.000Z",1678791900000,19400,19350,19400,63.5,36.5,0,1.5,0.5,,0.6,141300,387500,10429000,,7510435000,4776280000,2734155000,
164997.8,-2132800,-41213145000,72809810000,114022955000,205968130000,3188855000,4997807282.6,1.8,258758.7,76002.2,0.1,10000,-164200,-3176770000,19350,"2023-03-14T11:10:00.000Z",1678792200000,19400,19350,19350,5.4,94.6,0,0.1,0.7,,17.4,174200,184200,10613200,,3564770000,194000000,3370770000,
164997.8,-3676900,-71059410000,73138840000,144198250000,236472455000,3188855000,4997807282.6,16.5,258758.7,76002.2,0,17000,-1544100,-29846265000,19250,"2023-03-14T11:15:00.000Z",1678792500000,19400,19250,19350,1.1,98.9,0,0.1,6,,91.8,1561100,1578100,12191300,,30504325000,329030000,30175295000,
164997.8,-3976100,-76811335000,76101390000,152912725000,248149480000,3188855000,4997807282.6,3.2,258758.7,76002.2,0.3,153500,-299200,-5751925000,19300,"2023-03-14T11:20:00.000Z",1678792800000,19300,19250,19300,25.3,74.7,0,0.9,1.7,,2.9,452700,606200,12797500,,11677025000,2962550000,8714475000,
164997.8,-3874300,-74844350000,82911400000,157755750000,259802515000,3188855000,4997807282.6,-1.1,258758.7,76002.2,1.4,352100,101800,1966985000,19350,"2023-03-14T11:25:00.000Z",1678793100000,19400,19250,19250,58.4,41.6,0,2.1,1,,0.7,250300,602400,13399900,,11653035000,6810010000,4843025000,
164997.8,-4024800,-77743010000,84468400000,162211410000,265815175000,3188855000,4997807282.6,1.6,258758.7,76002.2,0.3,80500,-150500,-2898660000,19250,"2023-03-14T13:00:00.000Z",1678798800000,19400,19250,19400,25.8,74.2,0,0.5,0.9,,2.9,231000,311500,13711400,,6012660000,1557000000,4455660000,
164997.8,-4438300,-85701585000,84970200000,170671785000,274777350000,3188855000,4997807282.6,4.4,258758.7,76002.2,0.1,26000,-413500,-7958575000,19250,"2023-03-14T13:05:00.000Z",1678799100000,19300,19250,19250,5.6,94.4,0,0.2,1.7,,16.9,439500,465500,14176900,,8962175000,501800000,8460375000,
164997.8,-4538300,-87619880000,86530305000,174150185000,279815855000,3188855000,4997807282.6,1.1,258758.7,76002.2,0.4,80900,-100000,-1918295000,19200,"2023-03-14T13:10:00.000Z",1678799400000,19300,19200,19250,30.9,69.1,0,0.5,0.7,,2.2,180900,261800,14438700,,5038505000,1560105000,3478400000,
164997.8,-4980000,-96091295000,87341640000,183432935000,289911860000,3188855000,4997807282.6,4.7,258758.7,76002.2,0.1,42300,-441700,-8471415000,19150,"2023-03-14T13:15:00.000Z",1678799700000,19200,19150,19200,8,91.9,0,0.3,1.9,0,11.4,484000,526400,14965100,100,10096005000,811335000,9282750000,1920000
164997.8,-5040800,-97256865000,88703955000,185960820000,293802060000,3188855000,4997807282.6,0.6,258758.7,76002.2,0.5,70900,-60800,-1165570000,19250,"2023-03-14T13:20:00.000Z",1678800000000,19250,19150,19150,35,65,0,0.4,0.5,,1.9,131700,202600,15167700,,3890200000,1362315000,2527885000,
164997.8,-5146300,-99286980000,89790335000,189077315000,298004935000,3188855000,4997807282.6,1.1,258758.7,76002.2,0.3,56400,-105500,-2030115000,19250,"2023-03-14T13:25:00.000Z",1678800300000,19300,19200,19200,25.8,74.2,0,0.3,0.6,,2.9,161900,218300,15386000,,4202875000,1086380000,3116495000,
164997.8,-5169000,-99722810000,90497620000,190220430000,299855335000,3188855000,4997807282.6,0.2,258758.7,76002.2,0.6,36700,-22700,-435830000,19250,"2023-03-14T13:30:00.000Z",1678800600000,19300,19200,19250,38.2,61.8,0,0.2,0.2,,1.6,59400,96100,15482100,,1850400000,707285000,1143115000,
164997.8,-5221300,-100725960000,90886470000,191612430000,301636185000,3188855000,4997807282.6,0.6,258758.7,76002.2,0.3,20200,-52300,-1003150000,19200,"2023-03-14T13:35:00.000Z",1678800900000,19250,19200,19250,21.8,78.2,0,0.1,0.3,,3.6,72500,92700,15574800,,1780850000,388850000,1392000000,
164997.8,-5366200,-103505930000,94288870000,197794800000,311220955000,3188855000,4997807282.6,1.5,258758.7,76002.2,0.6,177200,-144900,-2779970000,19200,"2023-03-14T13:40:00.000Z",1678801200000,19250,19150,19250,35.5,64.5,0,1.1,1.2,,1.8,322100,499300,16074100,,9584770000,3402400000,6182370000,
164997.8,-5224900,-100792670000,97794840000,198587510000,315519635000,3188855000,4997807282.6,-1.5,258758.7,76002.2,4.4,182600,141300,2713260000,19250,"2023-03-14T13:45:00.000Z",1678801500000,19250,19150,19150,81.6,18.4,0,1.1,0.2,,0.2,41300,223900,16298000,,4298680000,3505970000,792710000,
164997.8,-5188200,-100087295000,99933895000,200021190000,319092370000,3188855000,4997807282.6,-0.4,258758.7,76002.2,1.5,111400,36700,705375000,19250,"2023-03-14T13:50:00.000Z",1678801800000,19250,19150,19250,59.9,40.1,0,0.7,0.3,,0.7,74700,186100,16484100,,3572735000,2139055000,1433680000,
164997.8,-5177200,-99874180000,100671170000,200545350000,320353805000,3188855000,4997807282.6,-0.1,258758.7,76002.2,1.4,38300,11000,213115000,19200,"2023-03-14T13:55:00.000Z",1678802100000,19250,19200,19200,58.4,41.6,0,0.2,0.1,,0.7,27300,65600,16549700,,1261435000,737275000,524160000,
164997.8,-5084600,-98095985000,105653835000,203749820000,328560140000,3188855000,4997807282.6,-1,258758.7,76002.2,1.6,259500,92600,1778195000,19200,"2023-03-14T14:00:00.000Z",1678802400000,19250,19150,19200,60.7,39.1,0.2,1.6,0.6,0,0.6,166900,427400,16977100,1000,8206335000,4982665000,3204470000,19200000
164997.8,-5070900,-97831435000,106667630000,204499065000,330323180000,3188855000,4997807282.6,-0.1,258758.7,76002.2,1.4,52800,13700,264550000,19150,"2023-03-14T14:05:00.000Z",1678802700000,19250,19150,19200,57.5,42.5,0,0.3,0.2,,0.7,39100,91900,17069000,,1763040000,1013795000,749245000,
164997.8,-5448400,-105060035000,106896040000,211956075000,338008600000,3188855000,4997807282.6,4,258758.7,76002.2,0,11900,-377500,-7228600000,19150,"2023-03-14T14:10:00.000Z",1678803000000,19200,19150,19200,3,97,0,0.1,1.5,,32.7,389400,401300,17470300,,7685420000,228410000,7457010000,
164997.8,-5616500,-108269865000,107233080000,215502945000,341892510000,3188855000,4997807282.6,1.8,258758.7,76002.2,0.1,17600,-168100,-3209830000,19150,"2023-03-14T14:15:00.000Z",1678803300000,19150,19100,19100,8.7,91.3,0,0.1,0.7,,10.6,185700,203300,17673600,,3883910000,337040000,3546870000,
164997.8,-4159200,-80251290000,138522730000,218774020000,376453235000,3188855000,4997807282.6,-15.5,258758.7,76002.2,9.5,1628200,1457300,28018575000,19250,"2023-03-14T14:20:00.000Z",1678803600000,19250,19100,19100,90.5,9.5,0,9.9,0.7,,0.1,170900,1799100,19472700,,34560725000,31289650000,3271075000,
164997.8,-4313000,-83211805000,146687330000,229899135000,395742950000,3188855000,4997807282.6,1.6,258758.7,76002.2,0.7,422700,-153800,-2960515000,19300,"2023-03-14T14:25:00.000Z",1678803900000,19350,19250,19250,42.3,57.7,0,2.6,2.2,,1.4,576500,999200,20471900,,19289715000,8164600000,11125115000,
164997.8,-4313000,-83211805000,146687330000,229899135000,444572750000,3188855000,4997807282.6,0,258758.7,76002.2,NaN,,0,0,19400,"2023-03-14T14:45:00.000Z",1678805100000,19400,19400,19400,0,0,100,,,33.1,NaN,,2517000,22988900,2517000,48829800000,,,48829800000
