"abu","acum_busd","acum_busd_val","acum_val_bu","acum_val_sd","acum_val","avg_val_bu","avg_val_sd","rbusd","asd","auk","bs","bu","bu-sd","bu-sd_val","c","date","datetime","h","l","o","pbu","psd","puk","rbu","rsd","ruk","sb","sd","sum_vol","total_vol","uk","val","val_bu","val_sd","val_uk"
40334.8,-13800,-59586000,167642000,227228000,394870000,178775760.9,243332326.1,0.9,55241.3,797.8,0.7,38500,-13800,-59586000,4360,"2023-02-17T09:15:00.000Z",1676625300000,4360,4320,4350,42.4,57.6,0,1,0.9,,1.4,52300,90800,90800,,394870000,167642000,227228000,
40334.8,4300,19751000,390827000,371076000,761903000,178775760.9,243332326.1,-1.2,55241.3,797.8,1.6,50900,18100,79337000,4390,"2023-02-17T09:20:00.000Z",1676625600000,4400,4360,4360,60.8,39.2,0,1.3,0.6,,0.6,32800,83700,174500,,367033000,223185000,143848000,
40334.8,217400,964967000,1679156000,714189000,2397735000,178775760.9,243332326.1,-14.6,55241.3,797.8,3.7,290900,213100,945216000,4490,"2023-02-17T09:25:00.000Z",1676625900000,4490,4390,4390,78.7,21,0.3,7.2,1.4,1.3,0.3,77800,369700,544200,1000,1635832000,1288329000,343113000,4390000
40334.8,454000,2037822000,3342570000,1304748000,4748839000,178775760.9,243332326.1,-16.6,55241.3,797.8,2.8,367200,236600,1072855000,4520,"2023-02-17T09:30:00.000Z",1676626200000,4560,4490,4490,70.7,25.2,4.1,9.1,2.4,26.8,0.4,130600,519200,1063400,21400,2351104000,1663414000,590559000,97131000
40334.8,283700,1273159000,3482409000,2209250000,5793180000,178775760.9,243332326.1,11.8,55241.3,797.8,0.2,31100,-170300,-764663000,4470,"2023-02-17T09:35:00.000Z",1676626500000,4520,4470,4520,13.4,86.6,0,0.8,3.6,,6.5,201400,232500,1295900,,1044341000,139839000,904502000,
40334.8,327300,1469145000,3764953000,2295808000,6162282000,178775760.9,243332326.1,-3,55241.3,797.8,3.3,62900,43600,195986000,4490,"2023-02-17T09:40:00.000Z",1676626800000,4500,4470,4470,76.5,23.5,0,1.6,0.3,,0.3,19300,82200,1378100,,369102000,282544000,86558000,
40334.8,278800,1251475000,4001107000,2749632000,6852260000,178775760.9,243332326.1,3.4,55241.3,797.8,0.5,52500,-48500,-217670000,4480,"2023-02-17T09:45:00.000Z",1676627100000,4510,4480,4500,34.2,65.8,0,1.3,1.8,,1.9,101000,153500,1531600,,689978000,236154000,453824000,
40334.8,181300,815694000,4128806000,3313112000,7543439000,178775760.9,243332326.1,6.8,55241.3,797.8,0.2,28500,-97500,-435781000,4470,"2023-02-17T09:50:00.000Z",1676627400000,4500,4460,4480,18.4,81.6,0,0.7,2.3,,4.4,126000,154500,1686100,,691179000,127699000,563480000,
40334.8,159500,718805000,4194844000,3476039000,7772404000,178775760.9,243332326.1,1.5,55241.3,797.8,0.4,14800,-21800,-96889000,4460,"2023-02-17T09:55:00.000Z",1676627700000,4470,4450,4470,28.8,71.2,0,0.4,0.7,,2.5,36600,51400,1737500,,228965000,66038000,162927000,
40334.8,177100,797586000,4320533000,3522947000,7960199000,178775760.9,243332326.1,-1.2,55241.3,797.8,2.7,28100,17600,78781000,4470,"2023-02-17T10:00:00.000Z",1676628000000,4480,4460,4470,66.9,25,8.1,0.7,0.2,4.3,0.4,10500,42000,1779500,3400,187795000,125689000,46908000,15198000
40334.8,95200,432837000,4324101000,3891264000,8332084000,178775760.9,243332326.1,5.7,55241.3,797.8,0,800,-81900,-364749000,4440,"2023-02-17T10:05:00.000Z",1676628300000,4470,4440,4460,1,99,0,0,1.5,,103.4,82700,83500,1863000,,371885000,3568000,368317000,
40334.8,60800,280802000,4423779000,4142977000,8683475000,178775760.9,243332326.1,2.4,55241.3,797.8,0.4,22600,-34400,-152035000,4410,"2023-02-17T10:10:00.000Z",1676628600000,4440,4400,4440,28.4,71.6,0,0.6,1,,2.5,57000,79600,1942600,,351391000,99678000,251713000,
40334.8,-8000,-22160000,4446679000,4468839000,9033121000,178775760.9,243332326.1,4.7,55241.3,797.8,0.1,5200,-68800,-302962000,4400,"2023-02-17T10:15:00.000Z",1676628900000,4420,4400,4420,6.5,93.2,0.3,0.1,1.3,0.3,14.2,74000,79400,2022000,200,349646000,22900000,325862000,884000
40334.8,8300,49707000,4621058000,4571351000,9310012000,178775760.9,243332326.1,-1.1,55241.3,797.8,1.7,39600,16300,71867000,4420,"2023-02-17T10:20:00.000Z",1676629200000,4420,4390,4400,63,37,0,1,0.4,,0.6,23300,62900,2084900,,276891000,174379000,102512000,
40334.8,10100,57755000,4749154000,4691399000,9558599000,178775760.9,243332326.1,-0.1,55241.3,797.8,1.1,29000,1800,8048000,4410,"2023-02-17T10:25:00.000Z",1676629500000,4430,4410,4420,51.5,48.3,0.2,0.7,0.5,0.1,0.9,27200,56300,2141200,100,248587000,128096000,120048000,443000
40334.8,43800,206615000,4927120000,4720505000,9765671000,178775760.9,243332326.1,-2.3,55241.3,797.8,6.1,40300,33700,148860000,4420,"2023-02-17T10:30:00.000Z",1676629800000,4420,4410,4410,85.9,14.1,0,1,0.1,,0.2,6600,46900,2188100,,207072000,177966000,29106000,
40334.8,17100,88915000,5007428000,4918513000,10043987000,178775760.9,243332326.1,1.8,55241.3,797.8,0.4,18200,-26700,-117700000,4410,"2023-02-17T10:35:00.000Z",1676630100000,4420,4400,4420,28.8,71.2,0,0.5,0.8,,2.5,44900,63100,2251200,,278316000,80308000,198008000,
40334.8,-23600,-90239000,5009190000,5099429000,10226665000,178775760.9,243332326.1,2.8,55241.3,797.8,0,400,-40700,-179154000,4400,"2023-02-17T10:40:00.000Z",1676630400000,4420,4400,4410,1,99,0,0,0.7,,102.8,41100,41500,2292700,,182678000,1762000,180916000,
40334.8,-20700,-77283000,5114350000,5191633000,10424469000,178775760.9,243332326.1,-0.2,55241.3,797.8,1.1,23900,2900,12956000,4400,"2023-02-17T10:45:00.000Z",1676630700000,4400,4390,4390,53.1,46.7,0.2,0.6,0.4,0.1,0.9,21000,45000,2337700,100,197804000,105160000,92204000,440000
40334.8,-44900,-183542000,5127991000,5311533000,10558010000,178775760.9,243332326.1,1.6,55241.3,797.8,0.1,3100,-24200,-106259000,4400,"2023-02-17T10:50:00.000Z",1676631000000,4410,4390,4400,10.2,89.8,0,0.1,0.5,,8.8,27300,30400,2368100,,133541000,13641000,119900000,
40334.8,-37600,-151421000,5169791000,5321212000,10609489000,178775760.9,243332326.1,-0.5,55241.3,797.8,4.3,9500,7300,32121000,4390,"2023-02-17T10:55:00.000Z",1676631300000,4400,4390,4400,81.2,18.8,0,0.2,0,,0.2,2200,11700,2379800,,51479000,41800000,9679000,
40334.8,-35700,-143061000,5228751000,5371812000,10719049000,178775760.9,243332326.1,-0.1,55241.3,797.8,1.2,13400,1900,8360000,4400,"2023-02-17T11:00:00.000Z",1676631600000,4400,4400,4400,53.8,46.2,0,0.3,0.2,,0.9,11500,24900,2404700,,109560000,58960000,50600000,
40334.8,-37200,-149620000,5333072000,5482692000,10934250000,178775760.9,243332326.1,0.1,55241.3,797.8,0.9,23700,-1500,-6559000,4400,"2023-02-17T11:05:00.000Z",1676631900000,4410,4400,4400,48.5,51.5,0,0.6,0.5,,1.1,25200,48900,2453600,,215201000,104321000,110880000,
40334.8,-64100,-267978000,5338354000,5606332000,11063172000,178775760.9,243332326.1,1.8,55241.3,797.8,0,1200,-26900,-118358000,4400,"2023-02-17T11:10:00.000Z",1676632200000,4410,4400,4410,4.1,95.9,0,0,0.5,,23.4,28100,29300,2482900,,128922000,5282000,123640000,
40334.8,-42500,-172745000,5447647000,5620392000,11186525000,178775760.9,243332326.1,-1.5,55241.3,797.8,7.8,24800,21600,95233000,4400,"2023-02-17T11:15:00.000Z",1676632500000,4410,4390,4390,88.6,11.4,0,0.6,0.1,,0.1,3200,28000,2510900,,123353000,109293000,14060000,
40334.8,-76900,-323820000,5486835000,5810655000,11415976000,178775760.9,243332326.1,2.3,55241.3,797.8,0.2,8900,-34400,-151075000,4390,"2023-02-17T11:20:00.000Z",1676632800000,4410,4390,4400,17,83,0,0.2,0.8,,4.9,43300,52200,2563100,,229451000,39188000,190263000,
40334.8,-97300,-413139000,5515395000,5928534000,11562415000,178775760.9,243332326.1,1.4,55241.3,797.8,0.2,6500,-20400,-89319000,4390,"2023-02-17T11:25:00.000Z",1676633100000,4400,4380,4380,19.5,80.5,0,0.2,0.5,,4.1,26900,33400,2596500,,146439000,28560000,117879000,
40334.8,-385000,-1660270000,5795227000,7455497000,13374904000,178775760.9,243332326.1,19.3,55241.3,797.8,0.2,64600,-287700,-1247131000,4310,"2023-02-17T13:00:00.000Z",1676638800000,4400,4310,4400,15.4,84.2,0.3,1.6,6.4,1.6,5.5,352300,418200,3014700,1300,1812489000,279832000,1526963000,5694000
40334.8,-352100,-1518096000,6071783000,7589879000,13785842000,178775760.9,243332326.1,-2.2,55241.3,797.8,2.1,63800,32900,142174000,4360,"2023-02-17T13:05:00.000Z",1676639100000,4370,4310,4320,67.4,32.6,0,1.6,0.6,,0.5,30900,94700,3109400,,410938000,276556000,134382000,
40334.8,-333900,-1438615000,6228464000,7667079000,14019723000,178775760.9,243332326.1,-1.2,55241.3,797.8,2,35900,18200,79481000,4360,"2023-02-17T13:10:00.000Z",1676639400000,4370,4360,4360,67,33,0,0.9,0.3,,0.5,17700,53600,3163000,,233881000,156681000,77200000,
40334.8,-352200,-1517987000,6309291000,7827278000,14260749000,178775760.9,243332326.1,1.2,55241.3,797.8,0.5,18600,-18300,-79372000,4340,"2023-02-17T13:15:00.000Z",1676639700000,4360,4330,4360,33.5,66.5,0,0.5,0.7,,2,36900,55500,3218500,,241026000,80827000,160199000,
40334.8,-309400,-1330836000,6537015000,7867851000,14529046000,178775760.9,243332326.1,-2.9,55241.3,797.8,5.6,52100,42800,187151000,4370,"2023-02-17T13:20:00.000Z",1676640000000,4380,4350,4350,84.9,15.1,0,1.3,0.2,,0.2,9300,61400,3279900,,268297000,227724000,40573000,
40334.8,-311700,-1340843000,6598780000,7939623000,14673523000,178775760.9,243332326.1,0.2,55241.3,797.8,0.9,14100,-2300,-10007000,4380,"2023-02-17T13:25:00.000Z",1676640300000,4390,4370,4370,42.7,49.7,7.6,0.3,0.3,3.1,1.2,16400,33000,3312900,2500,144477000,61765000,71772000,10940000
40334.8,-300800,-1293134000,6675818000,7968952000,14779890000,178775760.9,243332326.1,-0.7,55241.3,797.8,2.6,17600,10900,47709000,4370,"2023-02-17T13:30:00.000Z",1676640600000,4390,4370,4370,72.4,27.6,0,0.4,0.1,,0.4,6700,24300,3337200,,106367000,77038000,29329000,
40334.8,-318000,-1368565000,6707837000,8076402000,14919359000,178775760.9,243332326.1,1.2,55241.3,797.8,0.3,7300,-17200,-75431000,4380,"2023-02-17T13:35:00.000Z",1676640900000,4390,4370,4370,23,77,0,0.2,0.4,,3.4,24500,31800,3369000,,139469000,32019000,107450000,
40334.8,-238900,-1019305000,7220307000,8239612000,15595039000,178775760.9,243332326.1,-5.4,55241.3,797.8,3.1,116100,79100,349260000,4430,"2023-02-17T13:40:00.000Z",1676641200000,4430,4390,4390,75.8,24.2,0,2.9,0.7,,0.3,37000,153100,3522100,,675680000,512470000,163210000,
40334.8,-338900,-1459935000,7256415000,8716350000,16107885000,178775760.9,243332326.1,6.8,55241.3,797.8,0.1,8200,-100000,-440630000,4390,"2023-02-17T13:45:00.000Z",1676641500000,4430,4390,4430,7,93,0,0.2,2,,13.2,108200,116400,3638500,,512846000,36108000,476738000,
40334.8,-383300,-1654668000,7278365000,8933033000,16346518000,178775760.9,243332326.1,3,55241.3,797.8,0.1,5000,-44400,-194733000,4390,"2023-02-17T13:50:00.000Z",1676641800000,4390,4380,4390,9.2,90.8,0,0.1,0.9,,9.9,49400,54400,3692900,,238633000,21950000,216683000,
40334.8,-385200,-1662895000,7320070000,8982965000,16438155000,178775760.9,243332326.1,0.1,55241.3,797.8,0.8,9500,-1900,-8227000,4380,"2023-02-17T13:55:00.000Z",1676642100000,4390,4380,4390,45.5,54.5,0,0.2,0.2,,1.2,11400,20900,3713800,,91637000,41705000,49932000,
40334.8,-424500,-1834629000,7379508000,9214137000,16728765000,178775760.9,243332326.1,2.7,55241.3,797.8,0.3,13600,-39300,-171734000,4360,"2023-02-17T14:00:00.000Z",1676642400000,4380,4360,4380,20.5,79.5,0,0.3,1,,3.9,52900,66500,3780300,,290610000,59438000,231172000,
40334.8,-415800,-1796680000,7483489000,9280169000,16898778000,178775760.9,243332326.1,-0.6,55241.3,797.8,1.6,23800,8700,37949000,4370,"2023-02-17T14:05:00.000Z",1676642700000,4380,4350,4360,61.2,38.8,0,0.6,0.3,,0.6,15100,38900,3819200,,170013000,103981000,66032000,
40334.8,-363300,-1566137000,7796375000,9362512000,17294007000,178775760.9,243332326.1,-3.6,55241.3,797.8,3.8,71300,52500,230543000,4380,"2023-02-17T14:10:00.000Z",1676643000000,4390,4370,4370,79.1,20.9,0,1.8,0.3,,0.3,18800,90100,3909300,,395229000,312886000,82343000,
40334.8,-371500,-1601810000,8077754000,9679564000,17892438000,178775760.9,243332326.1,0.6,55241.3,797.8,0.9,64100,-8200,-35673000,4400,"2023-02-17T14:15:00.000Z",1676643300000,4400,4380,4390,47,53,0,1.6,1.3,,1.1,72300,136400,4045700,,598431000,281379000,317052000,
40334.8,-372500,-1606162000,8111996000,9718158000,17965274000,178775760.9,243332326.1,0.1,55241.3,797.8,0.9,7800,-1000,-4352000,4390,"2023-02-17T14:20:00.000Z",1676643600000,4390,4380,4390,47,53,0,0.2,0.2,,1.1,8800,16600,4062300,,72836000,34242000,38594000,
40334.8,-569500,-2466456000,8223685000,10690141000,19078044000,178775760.9,243332326.1,13.3,55241.3,797.8,0.1,25500,-197000,-860294000,4370,"2023-02-17T14:25:00.000Z",1676643900000,4390,4330,4390,10,87.4,2.6,0.6,4,8.4,8.7,222500,254700,4317000,6700,1112770000,111689000,971983000,29098000
40334.8,-685700,-2969602000,8223685000,11193287000,19581190000,178775760.9,243332326.1,7.8,55241.3,797.8,0,,-116200,-503146000,4330,"2023-02-17T14:45:00.000Z",1676645100000,4330,4330,4330,0,100,0,,2.1,,Infinity,116200,116200,4433200,,503146000,,503146000,
