"abu","acum_busd","acum_busd_val","acum_val_bu","acum_val_sd","acum_val","avg_val_bu","avg_val_sd","rbusd","asd","auk","bs","bu","bu-sd","bu-sd_val","c","date","datetime","h","l","o","pbu","psd","puk","rbu","rsd","ruk","sb","sd","sum_vol","total_vol","uk","val","val_bu","val_sd","val_uk"
35263,72800,338538000,380698000,42160000,422858000,164182978.3,183926217.4,-17.1,39582.6,6941.3,9.1,81800,72800,338538000,4680,"2023-02-24T09:15:00.000Z",1677230100000,4690,4650,4650,90.1,9.9,0,2.3,0.2,,0.1,9000,90800,90800,,422858000,380698000,42160000,
35263,62400,290079000,449827000,159748000,609575000,164182978.3,183926217.4,2.5,39582.6,6941.3,0.6,14800,-10400,-48459000,4650,"2023-02-24T09:20:00.000Z",1677230400000,4680,4650,4680,37,63,0,0.4,0.6,,1.7,25200,40000,130800,,186717000,69129000,117588000,
35263,54600,253810000,456802000,202992000,659794000,164182978.3,183926217.4,1.8,39582.6,6941.3,0.2,1500,-7800,-36269000,4650,"2023-02-24T09:25:00.000Z",1677230700000,4650,4640,4650,13.9,86.1,0,0,0.2,,6.2,9300,10800,141600,,50219000,6975000,43244000,
35263,66300,308248000,524692000,216444000,741136000,164182978.3,183926217.4,-2.8,39582.6,6941.3,5,14600,11700,54438000,4650,"2023-02-24T09:30:00.000Z",1677231000000,4650,4630,4650,83.4,16.6,0,0.4,0.1,,0.2,2900,17500,159100,,81342000,67890000,13452000,
35263,222900,1042771000,1394155000,351384000,1811344000,164182978.3,183926217.4,-37.2,39582.6,6941.3,6.5,185000,156600,734523000,4750,"2023-02-24T09:35:00.000Z",1677231300000,4780,4650,4650,81.3,12.5,6.2,5.2,0.7,2,0.2,28400,227500,386600,14100,1070208000,869463000,134940000,65805000
35263,313300,1476855000,2052776000,575921000,2697834000,164182978.3,183926217.4,-22,39582.6,6941.3,2.9,137200,90400,434084000,4820,"2023-02-24T09:40:00.000Z",1677231600000,4830,4750,4760,74.3,25.3,0.4,3.9,1.2,0.1,0.3,46800,184700,571300,700,886490000,658621000,224537000,3332000
35263,245100,1149687000,2347645000,1197958000,3614740000,164182978.3,183926217.4,16.6,39582.6,6941.3,0.5,61200,-68200,-327168000,4790,"2023-02-24T09:45:00.000Z",1677231900000,4840,4790,4820,32.1,67.9,0,1.7,3.3,,2.1,129400,190600,761900,,916906000,294869000,622037000,
35263,248600,1166640000,2486706000,1320066000,3875909000,164182978.3,183926217.4,-0.9,39582.6,6941.3,1.1,29000,3500,16953000,4760,"2023-02-24T09:50:00.000Z",1677232200000,4810,4750,4800,53.2,46.8,0,0.8,0.6,,0.9,25500,54500,816400,,261169000,139061000,122108000,
35263,250200,1174310000,2519140000,1344830000,3947387000,164182978.3,183926217.4,-0.4,39582.6,6941.3,1.3,6800,1600,7670000,4760,"2023-02-24T09:55:00.000Z",1677232500000,4770,4750,4760,45.3,34.7,20,0.2,0.1,0.4,0.8,5200,15000,831400,3000,71478000,32434000,24764000,14280000
35263,196800,920654000,2696900000,1776246000,4556563000,164182978.3,183926217.4,12.8,39582.6,6941.3,0.4,37300,-53400,-253656000,4750,"2023-02-24T10:00:00.000Z",1677232800000,4780,4750,4770,29.1,70.9,0,1.1,2.3,,2.4,90700,128000,959400,,609176000,177760000,431416000,
35263,178900,836065000,2854774000,2018709000,4956900000,164182978.3,183926217.4,4.3,39582.6,6941.3,0.6,33200,-17900,-84589000,4730,"2023-02-24T10:05:00.000Z",1677233100000,4760,4730,4760,39.4,60.6,0,0.9,1.3,,1.5,51100,84300,1043700,,400337000,157874000,242463000,
35263,158200,738594000,3042034000,2303440000,5438291000,164182978.3,183926217.4,4.9,39582.6,6941.3,0.7,39800,-20700,-97471000,4740,"2023-02-24T10:10:00.000Z",1677233400000,4740,4700,4730,38.9,59.1,2,1.1,1.5,0.3,1.5,60500,102300,1146000,2000,481391000,187260000,284731000,9400000
35263,192000,899880000,3225730000,2325850000,5644397000,164182978.3,183926217.4,-8.2,39582.6,6941.3,8.2,38500,33800,161286000,4770,"2023-02-24T10:15:00.000Z",1677233700000,4780,4740,4740,89.1,10.9,0,1.1,0.1,,0.1,4700,43200,1189200,,206106000,183696000,22410000,
35263,217200,1020162000,3380768000,2360606000,5834191000,164182978.3,183926217.4,-6.1,39582.6,6941.3,4.5,32500,25200,120282000,4770,"2023-02-24T10:20:00.000Z",1677234000000,4780,4750,4770,81.7,18.3,0,0.9,0.2,,0.2,7300,39800,1229000,,189794000,155038000,34756000,
35263,206000,967049000,3438397000,2471348000,6002562000,164182978.3,183926217.4,2.7,39582.6,6941.3,0.5,12100,-11200,-53113000,4750,"2023-02-24T10:25:00.000Z",1677234300000,4770,4750,4770,34.2,65.8,0,0.3,0.6,,1.9,23300,35400,1264400,,168371000,57629000,110742000,
35263,99700,464552000,3472927000,3008375000,6583559000,164182978.3,183926217.4,25.5,39582.6,6941.3,0.1,7300,-106300,-502497000,4730,"2023-02-24T10:30:00.000Z",1677234600000,4740,4700,4740,5.9,92.4,1.6,0.2,2.9,0.3,15.6,113600,122900,1387300,2000,580997000,34530000,537027000,9440000
35263,127700,596107000,3789244000,3193137000,7084638000,164182978.3,183926217.4,-6.7,39582.6,6941.3,1.7,67300,28000,131555000,4700,"2023-02-24T10:35:00.000Z",1677234900000,4710,4690,4710,63.1,36.9,0,1.9,1,,0.6,39300,106600,1493900,,501079000,316317000,184762000,
35263,130100,607440000,3825434000,3217994000,7145685000,164182978.3,183926217.4,-0.6,39582.6,6941.3,1.5,7700,2400,11333000,4700,"2023-02-24T10:40:00.000Z",1677235200000,4700,4690,4690,59.2,40.8,0,0.2,0.1,,0.7,5300,13000,1506900,,61047000,36190000,24857000,
35263,139000,649210000,3897814000,3248604000,7248675000,164182978.3,183926217.4,-2.1,39582.6,6941.3,2.4,15400,8900,41770000,4710,"2023-02-24T10:45:00.000Z",1677235500000,4710,4700,4700,70.3,29.7,0,0.4,0.2,,0.4,6500,21900,1528800,,102990000,72380000,30610000,
35263,120200,560752000,3932218000,3371466000,7405941000,164182978.3,183926217.4,4.5,39582.6,6941.3,0.3,7300,-18800,-88458000,4710,"2023-02-24T10:50:00.000Z",1677235800000,4720,4700,4710,21.9,78.1,0,0.2,0.7,,3.6,26100,33400,1562200,,157266000,34404000,122862000,
35263,116400,542854000,3939283000,3396429000,7437969000,164182978.3,183926217.4,0.9,39582.6,6941.3,0.3,1500,-3800,-17898000,4710,"2023-02-24T10:55:00.000Z",1677236100000,4710,4710,4710,22.1,77.9,0,0,0.1,,3.5,5300,6800,1569000,,32028000,7065000,24963000,
35263,98500,458936000,4066548000,3607612000,7776417000,164182978.3,183926217.4,4.3,39582.6,6941.3,0.6,26900,-17900,-83918000,4710,"2023-02-24T11:00:00.000Z",1677236400000,4740,4710,4710,37.5,62.5,0,0.8,1.1,,1.7,44800,71700,1640700,,338448000,127265000,211183000,
35263,78200,363527000,4067020000,3703493000,7872770000,164182978.3,183926217.4,4.8,39582.6,6941.3,0,100,-20300,-95409000,4700,"2023-02-24T11:05:00.000Z",1677236700000,4720,4700,4720,0.5,99.5,0,0,0.5,,204,20400,20500,1661200,,96353000,472000,95881000,
35263,77100,358358000,4069841000,3711483000,7883581000,164182978.3,183926217.4,0.3,39582.6,6941.3,0.4,600,-1100,-5169000,4700,"2023-02-24T11:10:00.000Z",1677237000000,4710,4700,4700,26.1,73.9,0,0,0,,2.8,1700,2300,1663500,,10811000,2821000,7990000,
35263,63900,296446000,4071721000,3775275000,7949253000,164182978.3,183926217.4,3.1,39582.6,6941.3,0,400,-13200,-61912000,4690,"2023-02-24T11:15:00.000Z",1677237300000,4700,4690,4700,2.9,97.1,0,0,0.3,,34,13600,14000,1677500,,65672000,1880000,63792000,
35263,53600,248288000,4111517000,3863229000,8077003000,164182978.3,183926217.4,2.4,39582.6,6941.3,0.5,8500,-10300,-48158000,4670,"2023-02-24T11:20:00.000Z",1677237600000,4700,4670,4690,31.1,68.9,0,0.2,0.5,,2.2,18800,27300,1704800,,127750000,39796000,87954000,
35263,42200,195078000,4114319000,3919241000,8135817000,164182978.3,183926217.4,2.7,39582.6,6941.3,0.1,600,-11400,-53210000,4660,"2023-02-24T11:25:00.000Z",1677237900000,4680,4660,4680,4.8,95.2,0,0,0.3,,20,12000,12600,1717400,,58814000,2802000,56012000,
35263,-117600,-542377000,4246085000,4788462000,9136804000,164182978.3,183926217.4,37.4,39582.6,6941.3,0.2,28400,-159800,-737455000,4590,"2023-02-24T13:00:00.000Z",1677243600000,4660,4590,4660,13.1,86.9,0,0.8,4.8,,6.6,188200,216600,1934000,,1000987000,131766000,869221000,
35263,-165100,-759002000,4291408000,5050410000,9444075000,164182978.3,183926217.4,11,39582.6,6941.3,0.2,9900,-47500,-216625000,4550,"2023-02-24T13:05:00.000Z",1677243900000,4610,4530,4590,14.7,85.3,0,0.3,1.5,,5.8,57400,67300,2001300,,307271000,45323000,261948000,
35263,-173400,-796455000,4424273000,5220728000,9747258000,164182978.3,183926217.4,1.9,39582.6,6941.3,0.8,29200,-8300,-37453000,4550,"2023-02-24T13:10:00.000Z",1677244200000,4560,4530,4540,43.8,56.2,0,0.8,0.9,,1.3,37500,66700,2068000,,303183000,132865000,170318000,
35263,-170900,-784945000,4507520000,5292465000,9903158000,164182978.3,183926217.4,-0.6,39582.6,6941.3,1.2,18200,2500,11510000,4580,"2023-02-24T13:15:00.000Z",1677244500000,4590,4550,4560,53.4,46,0.6,0.5,0.4,0,0.9,15700,34100,2102100,200,155900000,83247000,71737000,916000
35263,-151700,-697022000,4777928000,5474950000,10356051000,164182978.3,183926217.4,-4.5,39582.6,6941.3,1.5,59200,19200,87923000,4560,"2023-02-24T13:20:00.000Z",1677244800000,4580,4550,4580,59.7,40.3,0,1.7,1,,0.7,40000,99200,2201300,,452893000,270408000,182485000,
35263,-181000,-829982000,5046018000,5876000000,11025191000,164182978.3,183926217.4,6.7,39582.6,6941.3,0.7,58900,-29300,-132960000,4550,"2023-02-24T13:25:00.000Z",1677245100000,4560,4540,4560,40,60,0,1.7,2.2,,1.5,88200,147100,2348400,,669140000,268090000,401050000,
35263,-161000,-738670000,5209348000,5948018000,11260539000,164182978.3,183926217.4,-4.6,39582.6,6941.3,2.3,35800,20000,91312000,4560,"2023-02-24T13:30:00.000Z",1677245400000,4570,4550,4560,69.4,30.6,0,1,0.4,,0.4,15800,51600,2400000,,235348000,163330000,72018000,
35263,-215300,-985956000,5306503000,6292459000,11809987000,164182978.3,183926217.4,12.5,39582.6,6941.3,0.3,21300,-54300,-247286000,4550,"2023-02-24T13:35:00.000Z",1677245700000,4570,4550,4560,17.7,62.7,19.6,0.6,1.9,3.4,3.5,75600,120500,2520500,23600,549448000,97155000,344441000,107852000
35263,-203900,-933968000,5547246000,6481214000,12249473000,164182978.3,183926217.4,-2.6,39582.6,6941.3,1.3,53000,11400,51988000,4530,"2023-02-24T13:40:00.000Z",1677246000000,4560,4530,4550,54.8,43,2.3,1.5,1.1,0.3,0.8,41600,96800,2617300,2200,439486000,240743000,188755000,9988000
35263,-72200,-332681000,6218086000,6550767000,13017166000,164182978.3,183926217.4,-30.5,39582.6,6941.3,9.8,146700,131700,601287000,4650,"2023-02-24T13:45:00.000Z",1677246300000,4660,4540,4540,87.5,8.9,3.6,4.2,0.4,0.9,0.1,15000,167700,2785000,6000,767693000,670840000,69553000,27300000
35263,-81700,-376088000,6292767000,6668855000,13217704000,164182978.3,183926217.4,2.2,39582.6,6941.3,0.6,16100,-9500,-43407000,4560,"2023-02-24T13:50:00.000Z",1677246600000,4660,4560,4650,37.1,59,3.9,0.5,0.6,0.2,1.6,25600,43400,2828400,1700,200538000,74681000,118088000,7769000
35263,-56000,-258777000,6419218000,6677995000,13353295000,164182978.3,183926217.4,-5.9,39582.6,6941.3,13.9,27700,25700,117311000,4580,"2023-02-24T13:55:00.000Z",1677246900000,4580,4560,4560,93.3,6.7,0,0.8,0.1,,0.1,2000,29700,2858100,,135591000,126451000,9140000,
35263,-49000,-226292000,6545028000,6771320000,13572430000,164182978.3,183926217.4,-1.6,39582.6,6941.3,1.3,27400,7000,32485000,4560,"2023-02-24T14:00:00.000Z",1677247200000,4600,4560,4600,57.3,42.7,0,0.8,0.5,,0.7,20400,47800,2905900,,219135000,125810000,93325000,
35263,-91400,-418440000,6608091000,7026531000,13964349000,164182978.3,183926217.4,9.7,39582.6,6941.3,0.2,13900,-42400,-192148000,4560,"2023-02-24T14:05:00.000Z",1677247500000,4560,4520,4550,16.1,65.2,18.8,0.4,1.4,2.3,4.1,56300,86400,2992300,16200,391919000,63063000,255211000,73645000
35263,-182600,-837411000,6648109000,7485520000,14477186000,164182978.3,183926217.4,21.2,39582.6,6941.3,0.1,8700,-91200,-418971000,4600,"2023-02-24T14:10:00.000Z",1677247800000,4620,4560,4580,7.8,89.5,2.7,0.2,2.5,0.4,11.5,99900,111600,3103900,3000,512837000,40018000,458989000,13830000
35263,-235600,-1077983000,6741914000,7819897000,14933828000,164182978.3,183926217.4,12.2,39582.6,6941.3,0.3,20600,-53000,-240572000,4550,"2023-02-24T14:15:00.000Z",1677248100000,4600,4520,4600,20.5,73.3,6.2,0.6,1.9,0.9,3.6,73600,100400,3204300,6200,456642000,93805000,334377000,28460000
35263,-202200,-924896000,7009768000,7934664000,15316449000,164182978.3,183926217.4,-7.8,39582.6,6941.3,2.3,58700,33400,153087000,4580,"2023-02-24T14:20:00.000Z",1677248400000,4580,4530,4550,69.9,30.1,0,1.7,0.6,,0.4,25300,84000,3288300,,382621000,267854000,114767000,
35263,-198700,-908189000,7552417000,8460606000,16394100000,164182978.3,183926217.4,-0.8,39582.6,6941.3,1,119500,3500,16707000,4550,"2023-02-24T14:25:00.000Z",1677248700000,4580,4520,4580,50.3,48.8,0.8,3.4,2.9,0.3,1,116000,237500,3525800,2000,1077651000,542649000,525942000,9060000
35263,-198700,-908189000,7552417000,8460606000,17457900000,164182978.3,183926217.4,0,39582.6,6941.3,NaN,,0,0,4500,"2023-02-24T14:45:00.000Z",1677249900000,4500,4500,4500,0,0,100,,,34.1,NaN,,236400,3762200,236400,1063800000,,,1063800000
