"abu","acum_busd","acum_busd_val","acum_val_bu","acum_val_sd","acum_val","avg_val_bu","avg_val_sd","rbusd","asd","auk","bs","bu","bu-sd","bu-sd_val","c","date","datetime","h","l","o","pbu","psd","puk","rbu","rsd","ruk","sb","sd","sum_vol","total_vol","uk","val","val_bu","val_sd","val_uk"
56697.8,115900,3670275000,4571895000,901620000,7691115000,1783949456.5,2190472608.7,-9,69826.1,11706.5,5.1,144400,115900,3670275000,31650,"2023-03-24T09:15:00.000Z",1679649300000,31750,31500,31500,59.4,11.7,28.9,2.5,0.4,6,0.2,28500,243300,243300,70400,7691115000,4571895000,901620000,2217600000
56697.8,87000,2759335000,6289785000,3530450000,12050455000,1783949456.5,2190472608.7,2.2,69826.1,11706.5,0.7,54400,-28900,-910940000,31600,"2023-03-24T09:20:00.000Z",1679649600000,31650,31500,31650,39.4,60.3,0.3,1,1.2,0,1.5,83300,138100,381400,400,4359340000,1717890000,2628830000,12620000
56697.8,35900,1149485000,7521905000,6372420000,16124545000,1783949456.5,2190472608.7,4,69826.1,11706.5,0.4,39000,-51100,-1609850000,31500,"2023-03-24T09:25:00.000Z",1679649900000,31600,31500,31600,30.2,69.8,0,0.7,1.3,,2.3,90100,129100,510500,,4074090000,1232120000,2841970000,
56697.8,-12800,-384135000,7840485000,8224620000,18295325000,1783949456.5,2190472608.7,3.8,69826.1,11706.5,0.2,10100,-48700,-1533620000,31500,"2023-03-24T09:30:00.000Z",1679650200000,31550,31500,31500,14.7,85.3,0,0.2,0.8,,5.8,58800,68900,579400,,2170780000,318580000,1852200000,
56697.8,-21900,-669350000,8457885000,9127235000,19815340000,1783949456.5,2190472608.7,0.7,69826.1,11706.5,0.7,19600,-9100,-285215000,31450,"2023-03-24T09:35:00.000Z",1679650500000,31500,31450,31450,40.6,59.4,0,0.3,0.4,,1.5,28700,48300,627700,,1520015000,617400000,902615000,
56697.8,-98200,-3060670000,11865920000,14926590000,29041540000,1783949456.5,2190472608.7,5.9,69826.1,11706.5,0.6,108800,-76300,-2391320000,31250,"2023-03-24T09:40:00.000Z",1679650800000,31450,31150,31450,36.9,62.9,0.2,1.9,2.7,0.1,1.7,185100,294500,922200,600,9226200000,3408035000,5799355000,18810000
56697.8,-115300,-3594445000,12514860000,16109305000,30873195000,1783949456.5,2190472608.7,1.3,69826.1,11706.5,0.5,20700,-17100,-533775000,31350,"2023-03-24T09:45:00.000Z",1679651100000,31400,31250,31350,35.4,64.6,0,0.4,0.5,,1.8,37800,58500,980700,,1831655000,648940000,1182715000,
56697.8,-141600,-4416600000,13421850000,17838450000,33509330000,1783949456.5,2190472608.7,2,69826.1,11706.5,0.5,28900,-26300,-822155000,31400,"2023-03-24T09:50:00.000Z",1679651400000,31400,31300,31350,34.4,65.6,0,0.5,0.8,,1.9,55200,84100,1064800,,2636135000,906990000,1729145000,
56697.8,-109000,-3391415000,15159815000,18551230000,35960075000,1783949456.5,2190472608.7,-2.5,69826.1,11706.5,2.4,55300,32600,1025185000,31400,"2023-03-24T09:55:00.000Z",1679651700000,31450,31400,31400,70.9,29.1,0,1,0.3,,0.4,22700,78000,1142800,,2450745000,1737965000,712780000,
56697.8,-107500,-3343020000,16189785000,19532805000,37971620000,1783949456.5,2190472608.7,-0.1,69826.1,11706.5,1,32800,1500,48395000,31350,"2023-03-24T10:00:00.000Z",1679652000000,31450,31350,31400,51.2,48.8,0,0.6,0.4,,1,31300,64100,1206900,,2011545000,1029970000,981575000,
56697.8,-136700,-4257725000,16396695000,20654420000,39300145000,1783949456.5,2190472608.7,2.3,69826.1,11706.5,0.2,6600,-29200,-914705000,31350,"2023-03-24T10:05:00.000Z",1679652300000,31350,31300,31350,15.6,84.4,0,0.1,0.5,,5.4,35800,42400,1249300,,1328525000,206910000,1121615000,
56697.8,-118300,-3679855000,17855500000,21535355000,41639885000,1783949456.5,2190472608.7,-1.4,69826.1,11706.5,1.7,46500,18400,577870000,31350,"2023-03-24T10:10:00.000Z",1679652600000,31400,31350,31350,62.3,37.7,0,0.8,0.4,,0.6,28100,74600,1323900,,2339740000,1458805000,880935000,
56697.8,-125600,-3908390000,18056460000,21964850000,42270340000,1783949456.5,2190472608.7,0.6,69826.1,11706.5,0.5,6400,-7300,-228535000,31400,"2023-03-24T10:15:00.000Z",1679652900000,31400,31350,31350,31.8,68.2,0,0.1,0.2,,2.1,13700,20100,1344000,,630455000,200960000,429495000,
56697.8,-55600,-1709970000,20521360000,22231330000,45001720000,1783949456.5,2190472608.7,-5.4,69826.1,11706.5,9.2,78500,70000,2198420000,31400,"2023-03-24T10:20:00.000Z",1679653200000,31400,31350,31400,90.2,9.8,0,1.4,0.1,,0.1,8500,87000,1431000,,2731380000,2464900000,266480000,
56697.8,39000,1268015000,24086540000,22818525000,49154095000,1783949456.5,2190472608.7,-7.3,69826.1,11706.5,6.1,113300,94600,2977985000,31500,"2023-03-24T10:25:00.000Z",1679653500000,31500,31400,31400,85.8,14.2,0,2,0.3,,0.2,18700,132000,1563000,,4152375000,3565180000,587195000,
56697.8,159200,5064615000,28839130000,23774515000,54872155000,1783949456.5,2190472608.7,-9.3,69826.1,11706.5,5,150500,120200,3796600000,31650,"2023-03-24T10:30:00.000Z",1679653800000,31650,31500,31500,83.1,16.7,0.2,2.7,0.4,0,0.2,30300,181100,1744100,300,5718060000,4752590000,955990000,9480000
56697.8,284700,9045480000,33469220000,24423740000,60151470000,1783949456.5,2190472608.7,-9.8,69826.1,11706.5,7.1,146000,125500,3980865000,31800,"2023-03-24T10:35:00.000Z",1679654100000,31800,31600,31650,87.7,12.3,0,2.6,0.3,,0.1,20500,166500,1910600,,5279315000,4630090000,649225000,
56697.8,266700,8475230000,34543740000,26068510000,62899335000,1783949456.5,2190472608.7,1.4,69826.1,11706.5,0.7,33900,-18000,-570250000,31600,"2023-03-24T10:40:00.000Z",1679654400000,31800,31600,31800,39.1,59.9,1,0.6,0.7,0.1,1.5,51900,86700,1997300,900,2747865000,1074520000,1644770000,28575000
56697.8,244300,7767390000,34648020000,26880630000,63815735000,1783949456.5,2190472608.7,1.7,69826.1,11706.5,0.1,3300,-22400,-707840000,31600,"2023-03-24T10:45:00.000Z",1679654700000,31600,31600,31600,11.4,88.6,0,0.1,0.4,,7.8,25700,29000,2026300,,916400000,104280000,812120000,
56697.8,251600,7998465000,35128340000,27129875000,64545300000,1783949456.5,2190472608.7,-0.6,69826.1,11706.5,1.9,15200,7300,231075000,31600,"2023-03-24T10:50:00.000Z",1679655000000,31600,31550,31600,65.8,34.2,0,0.3,0.1,,0.5,7900,23100,2049400,,729565000,480320000,249245000,
56697.8,176200,5621695000,35172650000,29550955000,67010690000,1783949456.5,2190472608.7,5.8,69826.1,11706.5,0,1400,-75400,-2376770000,31450,"2023-03-24T10:55:00.000Z",1679655300000,31650,31450,31600,1.8,98.2,0,0,1.1,,54.9,76800,78200,2127600,,2465390000,44310000,2421080000,
56697.8,181600,5792210000,35723900000,29931690000,67942675000,1783949456.5,2190472608.7,-0.4,69826.1,11706.5,1.4,17500,5400,170515000,31500,"2023-03-24T11:00:00.000Z",1679655600000,31500,31450,31450,59.1,40.9,0,0.3,0.2,,0.7,12100,29600,2157200,,931985000,551250000,380735000,
56697.8,168700,5386110000,36130500000,30744390000,69161975000,1783949456.5,2190472608.7,1,69826.1,11706.5,0.5,12900,-12900,-406100000,31500,"2023-03-24T11:05:00.000Z",1679655900000,31550,31500,31500,33.3,66.7,0,0.2,0.4,,2,25800,38700,2195900,,1219300000,406600000,812700000,
56697.8,87600,2836925000,36564515000,33727590000,72579190000,1783949456.5,2190472608.7,6.3,69826.1,11706.5,0.1,13800,-81100,-2549185000,31400,"2023-03-24T11:10:00.000Z",1679656200000,31500,31400,31450,12.7,87.3,0,0.2,1.4,,6.9,94900,108700,2304600,,3417215000,434015000,2983200000,
56697.8,100200,3233450000,37279095000,34045645000,73611825000,1783949456.5,2190472608.7,-1,69826.1,11706.5,2.2,22700,12600,396525000,31500,"2023-03-24T11:15:00.000Z",1679656500000,31550,31400,31400,69.2,30.8,0,0.4,0.1,,0.4,10100,32800,2337400,,1032635000,714580000,318055000,
56697.8,91700,2965705000,37320050000,34354345000,73961480000,1783949456.5,2190472608.7,0.7,69826.1,11706.5,0.1,1300,-8500,-267745000,31500,"2023-03-24T11:20:00.000Z",1679656800000,31550,31500,31500,11.7,88.3,0,0,0.1,,7.5,9800,11100,2348500,,349655000,40955000,308700000,
56697.8,200800,6410790000,40812460000,34401670000,77501215000,1783949456.5,2190472608.7,-8.5,69826.1,11706.5,73.7,110600,109100,3445085000,31600,"2023-03-24T11:25:00.000Z",1679657100000,31650,31500,31500,98.7,1.3,0,2,0,,0,1500,112100,2460600,,3539735000,3492410000,47325000,
56697.8,153500,4929345000,43219080000,38289735000,85032000000,1783949456.5,2190472608.7,3.6,69826.1,11706.5,0.6,76300,-47300,-1481445000,31450,"2023-03-24T13:00:00.000Z",1679662800000,31700,31400,31550,31.9,51.7,16.4,1.3,1.8,3.3,1.6,123600,239000,2699600,39100,7530785000,2406620000,3888065000,1236100000
56697.8,148900,4785060000,45081915000,40296855000,88901955000,1783949456.5,2190472608.7,0.4,69826.1,11706.5,0.9,59200,-4600,-144285000,31550,"2023-03-24T13:05:00.000Z",1679663100000,31550,31400,31450,48.1,51.9,0,1,0.9,,1.1,63800,123000,2822600,,3869955000,1862835000,2007120000,
56697.8,98800,3206360000,46604200000,43397840000,93714525000,1783949456.5,2190472608.7,3.9,69826.1,11706.5,0.5,48300,-50100,-1578700000,31550,"2023-03-24T13:10:00.000Z",1679663400000,31550,31500,31550,31.6,64.4,3.9,0.9,1.4,0.5,2,98400,152700,2975300,6000,4812570000,1522285000,3100985000,189300000
56697.8,95200,3094360000,48561665000,45467305000,97741455000,1783949456.5,2190472608.7,0.3,69826.1,11706.5,0.9,62100,-3600,-112000000,31550,"2023-03-24T13:15:00.000Z",1679663700000,31550,31450,31500,48.6,51.4,0,1.1,0.9,,1.1,65700,127800,3103100,,4026930000,1957465000,2069465000,
56697.8,183300,5877535000,51426845000,45549310000,100688640000,1783949456.5,2190472608.7,-6.8,69826.1,11706.5,34.9,90700,88100,2783175000,31550,"2023-03-24T13:20:00.000Z",1679664000000,31600,31500,31550,97.2,2.8,0,1.6,0,,0,2600,93300,3196400,,2947185000,2865180000,82005000,
56697.8,29100,1018005000,51982545000,50964540000,106659570000,1783949456.5,2190472608.7,12,69826.1,11706.5,0.1,17600,-154200,-4859530000,31450,"2023-03-24T13:25:00.000Z",1679664300000,31600,31450,31550,9.3,90.7,0,0.3,2.5,,9.8,171800,189400,3385800,,5970930000,555700000,5415230000,
56697.8,13800,537870000,53995400000,53457530000,111165415000,1783949456.5,2190472608.7,1.2,69826.1,11706.5,0.8,64000,-15300,-480135000,31450,"2023-03-24T13:30:00.000Z",1679664600000,31500,31400,31450,44.7,55.3,0,1.1,1.1,,1.2,79300,143300,3529100,,4505845000,2012855000,2492990000,
56697.8,-6400,-96685000,54898285000,54994970000,113605740000,1783949456.5,2190472608.7,1.6,69826.1,11706.5,0.6,28700,-20200,-634555000,31450,"2023-03-24T13:35:00.000Z",1679664900000,31500,31400,31450,37,63,0,0.5,0.7,,1.7,48900,77600,3606700,,2440325000,902885000,1537440000,
56697.8,88700,2898180000,58591205000,55693025000,118012465000,1783949456.5,2190472608.7,-7.4,69826.1,11706.5,5.3,117300,95100,2994865000,31500,"2023-03-24T13:40:00.000Z",1679665200000,31500,31400,31450,83.8,15.9,0.4,2.1,0.3,0,0.2,22200,140000,3746700,500,4406725000,3692920000,698055000,15750000
56697.8,87500,2861980000,59896905000,57034925000,120660065000,1783949456.5,2190472608.7,0.1,69826.1,11706.5,1,41400,-1200,-36200000,31500,"2023-03-24T13:45:00.000Z",1679665500000,31550,31500,31500,49.3,50.7,0,0.7,0.6,,1,42600,84000,3830700,,2647600000,1305700000,1341900000,
56697.8,72200,2383355000,61751995000,59368640000,124848870000,1783949456.5,2190472608.7,1.2,69826.1,11706.5,0.8,58900,-15300,-478625000,31500,"2023-03-24T13:50:00.000Z",1679665800000,31500,31450,31500,44.3,55.7,0,1,1.1,,1.3,74200,133100,3963800,,4188805000,1855090000,2333715000,
56697.8,44600,1516870000,63332320000,61815450000,128876005000,1783949456.5,2190472608.7,2.1,69826.1,11706.5,0.6,50200,-27600,-866485000,31450,"2023-03-24T13:55:00.000Z",1679666100000,31500,31450,31500,39.2,60.8,0,0.9,1.1,,1.5,77800,128000,4091800,,4027135000,1580325000,2446810000,
56697.8,74000,2443230000,65211615000,62768385000,131708235000,1783949456.5,2190472608.7,-2.3,69826.1,11706.5,2,59700,29400,926360000,31450,"2023-03-24T14:00:00.000Z",1679666400000,31500,31450,31450,66.3,33.7,0,1.1,0.4,,0.5,30300,90000,4181800,,2832230000,1879295000,952935000,
56697.8,-154300,-4711605000,66720270000,71431875000,141902360000,1783949456.5,2190472608.7,17.6,69826.1,11706.5,0.2,48100,-228300,-7154835000,31300,"2023-03-24T14:05:00.000Z",1679666700000,31450,31300,31450,14.8,85,0.2,0.8,4,0.1,5.7,276400,325200,4507000,700,10194125000,1508655000,8663490000,21980000
56697.8,-363500,-11238885000,71374375000,82613260000,157737850000,1783949456.5,2190472608.7,16.1,69826.1,11706.5,0.4,148800,-209200,-6527280000,31200,"2023-03-24T14:10:00.000Z",1679667000000,31300,31200,31300,29.4,70.6,0,2.6,5.1,,2.4,358000,506800,5013800,,15835490000,4654105000,11181385000,
56697.8,-449600,-13890655000,78796490000,92687145000,175246270000,1783949456.5,2190472608.7,6.5,69826.1,11706.5,0.7,237900,-86100,-2651770000,31300,"2023-03-24T14:15:00.000Z",1679667300000,31350,31000,31200,42.3,57.6,0.1,4.2,4.6,0,1.4,324000,562300,5576100,400,17508420000,7422115000,10073885000,12420000
56697.8,-530800,-16424525000,80995730000,97420255000,182178620000,1783949456.5,2190472608.7,6.2,69826.1,11706.5,0.5,70300,-81200,-2533870000,31200,"2023-03-24T14:20:00.000Z",1679667600000,31300,31200,31300,31.7,68.3,0,1.2,2.2,,2.2,151500,221800,5797900,,6932350000,2199240000,4733110000,
56697.8,-603900,-18700065000,82061675000,100761740000,186604740000,1783949456.5,2190472608.7,5.6,69826.1,11706.5,0.3,34200,-73100,-2275540000,31100,"2023-03-24T14:25:00.000Z",1679667900000,31250,31050,31200,24.1,75.5,0.4,0.6,1.5,0.1,3.1,107300,142100,5940000,600,4426120000,1065945000,3341485000,18690000
56697.8,-603900,-18700065000,82061675000,100761740000,199602270000,1783949456.5,2190472608.7,0,69826.1,11706.5,NaN,,0,0,31050,"2023-03-24T14:45:00.000Z",1679669100000,31050,31050,31050,0,0,100,,,35.8,NaN,,418600,6358600,418600,12997530000,,,12997530000
