"abu","acum_busd","acum_busd_val","acum_val_bu","acum_val_sd","acum_val","avg_val_bu","avg_val_sd","rbusd","asd","auk","bs","bu","bu-sd","bu-sd_val","c","date","datetime","h","l","o","pbu","psd","puk","rbu","rsd","ruk","sb","sd","sum_vol","total_vol","uk","val","val_bu","val_sd","val_uk"
330337,151800,3232260000,5473855000,2241595000,12545450000,7119207391.3,4300947608.7,1.1,199647.8,7878.3,2.4,257500,151800,3232260000,21300,"2023-02-20T09:15:00.000Z",1676884500000,21350,21000,21000,43.4,17.8,38.8,0.8,0.5,29.2,0.4,105700,593200,593200,230000,12545450000,5473855000,2241595000,4830000000
330337,403100,8592535000,13869315000,5276780000,23976095000,7119207391.3,4300947608.7,1.9,199647.8,7878.3,2.8,393800,251300,5360275000,21350,"2023-02-20T09:20:00.000Z",1676884800000,21350,21200,21200,73.4,26.6,0,1.2,0.7,,0.4,142500,536300,1129500,,11430645000,8395460000,3035185000,
330337,446700,9524880000,19427965000,9903085000,34161050000,7119207391.3,4300947608.7,0.3,199647.8,7878.3,1.2,260800,43600,932345000,21300,"2023-02-20T09:25:00.000Z",1676885100000,21350,21250,21300,54.6,45.4,0,0.8,1.1,,0.8,217200,478000,1607500,,10184955000,5558650000,4626305000,
330337,503100,10729990000,22539425000,11809435000,39178860000,7119207391.3,4300947608.7,0.4,199647.8,7878.3,1.6,145900,56400,1205110000,21300,"2023-02-20T09:30:00.000Z",1676885400000,21350,21300,21350,62,38,0,0.4,0.4,,0.6,89500,235400,1842900,,5017810000,3111460000,1906350000,
330337,1479500,31633055000,46720790000,15087735000,66638525000,7119207391.3,4300947608.7,7.4,199647.8,7878.3,7.4,1129700,976400,20903065000,21500,"2023-02-20T09:35:00.000Z",1676885700000,21500,21300,21300,88.1,11.9,0,3.4,0.8,,0.1,153300,1283000,3125900,,27459665000,24181365000,3278300000,
330337,1959800,41977920000,65411030000,23433110000,93674140000,7119207391.3,4300947608.7,3.7,199647.8,7878.3,2.2,868400,480300,10344865000,21500,"2023-02-20T09:40:00.000Z",1676886000000,21600,21450,21500,69.1,30.9,0,2.6,1.9,,0.4,388100,1256500,4382400,,27035615000,18690240000,8345375000,
330337,1793100,38404365000,67159220000,28754855000,100744075000,7119207391.3,4300947608.7,-1.3,199647.8,7878.3,0.3,81400,-166700,-3573555000,21450,"2023-02-20T09:45:00.000Z",1676886300000,21500,21450,21500,24.7,75.3,0,0.2,1.2,,3,248100,329500,4711900,,7069935000,1748190000,5321745000,
330337,1564700,33509715000,68070200000,34560485000,107482135000,7119207391.3,4300947608.7,-1.7,199647.8,7878.3,0.2,42400,-228400,-4894650000,21400,"2023-02-20T09:50:00.000Z",1676886600000,21500,21400,21450,13.5,86.2,0.3,0.1,1.4,0.1,6.4,270800,314200,5026100,1000,6738060000,910980000,5805630000,21450000
330337,1620500,34714980000,72924335000,38209355000,115985140000,7119207391.3,4300947608.7,0.4,199647.8,7878.3,1.3,226300,55800,1205265000,21400,"2023-02-20T09:55:00.000Z",1676886900000,21450,21400,21400,57,43,0,0.7,0.9,,0.8,170500,396800,5422900,,8503005000,4854135000,3648870000,
330337,1516100,32483925000,74172610000,41688685000,120712745000,7119207391.3,4300947608.7,-0.8,199647.8,7878.3,0.4,58300,-104400,-2231055000,21350,"2023-02-20T10:00:00.000Z",1676887200000,21450,21350,21450,26.4,73.6,0,0.2,0.8,,2.8,162700,221000,5643900,,4727605000,1248275000,3479330000,
330337,1481100,31738395000,74908770000,43170375000,122930595000,7119207391.3,4300947608.7,-0.3,199647.8,7878.3,0.5,34400,-35000,-745530000,21350,"2023-02-20T10:05:00.000Z",1676887500000,21400,21350,21350,33.1,66.9,0,0.1,0.3,,2,69400,103800,5747700,,2217850000,736160000,1481690000,
330337,1493800,32011840000,75893170000,43881330000,124625950000,7119207391.3,4300947608.7,0.1,199647.8,7878.3,1.4,46000,12700,273445000,21400,"2023-02-20T10:10:00.000Z",1676887800000,21400,21350,21350,58,42,0,0.1,0.2,,0.7,33300,79300,5827000,,1695355000,984400000,710955000,
330337,1517100,32511800000,76965310000,44453510000,126270270000,7119207391.3,4300947608.7,0.2,199647.8,7878.3,1.9,50100,23300,499960000,21350,"2023-02-20T10:15:00.000Z",1676888100000,21400,21350,21350,65.1,34.9,0,0.2,0.1,,0.5,26800,76900,5903900,,1644320000,1072140000,572180000,
330337,1494500,32030285000,77391170000,45360885000,127603505000,7119207391.3,4300947608.7,-0.2,199647.8,7878.3,0.5,19900,-22600,-481515000,21350,"2023-02-20T10:20:00.000Z",1676888400000,21400,21350,21350,31.9,68.1,0,0.1,0.2,,2.1,42500,62400,5966300,,1333235000,425860000,907375000,
330337,1230100,26385690000,77615375000,51229685000,133696510000,7119207391.3,4300947608.7,-2,199647.8,7878.3,0,10500,-264400,-5644595000,21350,"2023-02-20T10:25:00.000Z",1676888700000,21400,21300,21350,3.7,96.3,0,0,1.4,,26.2,274900,285400,6251700,,6093005000,224205000,5868800000,
330337,1310600,28107615000,81725280000,53617665000,140194395000,7119207391.3,4300947608.7,0.6,199647.8,7878.3,1.7,192500,80500,1721925000,21400,"2023-02-20T10:30:00.000Z",1676889000000,21400,21300,21300,63.2,36.8,0,0.6,0.6,,0.6,112000,304500,6556200,,6497885000,4109905000,2387980000,
330337,1795800,38491505000,93222160000,54730655000,152804265000,7119207391.3,4300947608.7,3.7,199647.8,7878.3,10.3,537300,485200,10383890000,21400,"2023-02-20T10:35:00.000Z",1676889300000,21400,21300,21350,91.2,8.8,0,1.6,0.3,,0.1,52100,589400,7145600,,12609870000,11496880000,1112990000,
330337,1711500,36688120000,93494575000,56806455000,155152480000,7119207391.3,4300947608.7,-0.6,199647.8,7878.3,0.1,12700,-84300,-1803385000,21450,"2023-02-20T10:40:00.000Z",1676889600000,21450,21400,21400,11.6,88.4,0,0,0.5,,7.6,97000,109700,7255300,,2348215000,272415000,2075800000,
330337,1600000,34303135000,93972910000,59669775000,158494135000,7119207391.3,4300947608.7,-0.8,199647.8,7878.3,0.2,22300,-111500,-2384985000,21450,"2023-02-20T10:45:00.000Z",1676889900000,21450,21400,21450,14.3,85.7,0,0.1,0.7,,6,133800,156100,7411400,,3341655000,478335000,2863320000,
330337,1553400,33306820000,94369735000,61062915000,160284100000,7119207391.3,4300947608.7,-0.4,199647.8,7878.3,0.3,18500,-46600,-996315000,21400,"2023-02-20T10:50:00.000Z",1676890200000,21450,21400,21400,22.1,77.9,0,0.1,0.3,,3.5,65100,83600,7495000,,1789965000,396825000,1393140000,
330337,1400700,30039330000,94494145000,64454815000,163800410000,7119207391.3,4300947608.7,-1.2,199647.8,7878.3,0,5800,-152700,-3267490000,21400,"2023-02-20T10:55:00.000Z",1676890500000,21450,21400,21400,3.5,96.5,0,0,0.8,,27.3,158500,164300,7659300,,3516310000,124410000,3391900000,
330337,1315800,28222780000,95525625000,67302845000,167679920000,7119207391.3,4300947608.7,-0.6,199647.8,7878.3,0.4,48200,-84900,-1816550000,21350,"2023-02-20T11:00:00.000Z",1676890800000,21400,21350,21400,26.6,73.4,0,0.1,0.7,,2.8,133100,181300,7840600,,3879510000,1031480000,2848030000,
330337,1285800,27583815000,96182605000,68598790000,169632845000,7119207391.3,4300947608.7,-0.2,199647.8,7878.3,0.5,30700,-30000,-638965000,21400,"2023-02-20T11:05:00.000Z",1676891100000,21400,21350,21400,33.6,66.4,0,0.1,0.3,,2,60700,91400,7932000,,1952925000,656980000,1295945000,
330337,1437100,30823770000,100510005000,69686235000,175047690000,7119207391.3,4300947608.7,1.1,199647.8,7878.3,4,202200,151300,3239955000,21450,"2023-02-20T11:10:00.000Z",1676891400000,21450,21350,21400,79.9,20.1,0,0.6,0.3,,0.3,50900,253100,8185100,,5414845000,4327400000,1087445000,
330337,1944600,41714160000,111948310000,70234150000,187033910000,7119207391.3,4300947608.7,3.9,199647.8,7878.3,20.8,533100,507500,10890390000,21450,"2023-02-20T11:15:00.000Z",1676891700000,21500,21400,21400,95.4,4.6,0,1.6,0.1,,0,25600,558700,8743800,,11986220000,11438305000,547915000,
330337,2752000,59100050000,134347490000,75247440000,214446380000,7119207391.3,4300947608.7,6.2,199647.8,7878.3,4.5,1040600,807400,17385890000,21600,"2023-02-20T11:20:00.000Z",1676892000000,21600,21450,21450,81.7,18.3,0,3.2,1.2,,0.2,233200,1273800,10017600,,27412470000,22399180000,5013290000,
330337,3816900,82117150000,159710825000,77593675000,242155950000,7119207391.3,4300947608.7,8.2,199647.8,7878.3,10.8,1173500,1064900,23017100000,21650,"2023-02-20T11:25:00.000Z",1676892300000,21700,21550,21550,91.5,8.5,0,3.6,0.5,,0.1,108600,1282100,11299700,,27709570000,25363335000,2346235000,
330337,4081500,87896755000,177522055000,89625300000,274285265000,7119207391.3,4300947608.7,2.1,199647.8,7878.3,1.5,823600,264600,5779605000,21500,"2023-02-20T13:00:00.000Z",1676898000000,21700,21450,21600,55.3,37.5,7.1,2.5,2.8,13.5,0.7,559000,1488700,12788400,106100,32129315000,17811230000,12031625000,2286460000
330337,4312700,92869135000,183873180000,91004045000,282015135000,7119207391.3,4300947608.7,1.8,199647.8,7878.3,4.6,295400,231200,4972380000,21500,"2023-02-20T13:05:00.000Z",1676898300000,21550,21450,21500,82.1,17.9,0,0.9,0.3,,0.2,64200,359600,13148000,,7729870000,6351125000,1378745000,
330337,4243000,91373770000,185496595000,94122825000,286757330000,7119207391.3,4300947608.7,-0.5,199647.8,7878.3,0.5,75500,-69700,-1495365000,21450,"2023-02-20T13:10:00.000Z",1676898600000,21550,21450,21500,34.2,65.8,0,0.2,0.7,,1.9,145200,220700,13368700,,4742195000,1623415000,3118780000,
330337,3899600,84010305000,186422945000,102412640000,295973495000,7119207391.3,4300947608.7,-2.6,199647.8,7878.3,0.1,43100,-343400,-7363465000,21400,"2023-02-20T13:15:00.000Z",1676898900000,21500,21400,21450,10,90,0,0.1,1.9,,9,386500,429600,13798300,,9216165000,926350000,8289815000,
330337,3809600,82075005000,191100235000,109025230000,307263375000,7119207391.3,4300947608.7,-0.7,199647.8,7878.3,0.7,217700,-90000,-1935300000,21500,"2023-02-20T13:20:00.000Z",1676899200000,21550,21400,21450,41.4,58.6,0,0.7,1.5,,1.4,307700,525400,14323700,,11289880000,4677290000,6612590000,
330337,3897200,83959100000,198404480000,114445380000,319987770000,7119207391.3,4300947608.7,0.7,199647.8,7878.3,1.3,339700,87600,1884095000,21550,"2023-02-20T13:25:00.000Z",1676899500000,21550,21500,21500,57.4,42.6,0,1,1.3,,0.7,252100,591800,14915500,,12724395000,7304245000,5420150000,
330337,3961400,85347200000,202809690000,117462490000,327461810000,7119207391.3,4300947608.7,0.5,199647.8,7878.3,1.5,204400,64200,1388100000,21550,"2023-02-20T13:30:00.000Z",1676899800000,21600,21500,21500,58.9,40.4,0.7,0.6,0.7,0.3,0.7,140200,347000,15262500,2400,7474040000,4405210000,3017110000,51720000
330337,4281400,92265465000,214819145000,122553680000,344562455000,7119207391.3,4300947608.7,2.5,199647.8,7878.3,2.4,556600,320000,6918265000,21600,"2023-02-20T13:35:00.000Z",1676900100000,21600,21500,21550,70.2,29.8,0,1.7,1.2,,0.4,236600,793200,16055700,,17100645000,12009455000,5091190000,
330337,4392100,94655270000,222871940000,128216670000,358278240000,7119207391.3,4300947608.7,0.8,199647.8,7878.3,1.4,373600,110700,2389805000,21550,"2023-02-20T13:40:00.000Z",1676900400000,21600,21500,21600,58.7,41.3,0,1.1,1.3,,0.7,262900,636500,16692200,,13715785000,8052795000,5662990000,
330337,4179700,90091235000,223977455000,133886220000,365053305000,7119207391.3,4300947608.7,-1.6,199647.8,7878.3,0.2,51300,-212400,-4564035000,21500,"2023-02-20T13:45:00.000Z",1676900700000,21550,21500,21550,16.3,83.7,0,0.2,1.3,,5.1,263700,315000,17007200,,6775065000,1105515000,5669550000,
330337,4096800,88315545000,225319055000,137003510000,369512195000,7119207391.3,4300947608.7,-0.6,199647.8,7878.3,0.4,62400,-82900,-1775690000,21450,"2023-02-20T13:50:00.000Z",1676901000000,21500,21450,21500,30,70,0,0.2,0.7,,2.3,145300,207700,17214900,,4458890000,1341600000,3117290000,
330337,4456100,96054045000,235648570000,139594525000,382432725000,7119207391.3,4300947608.7,2.7,199647.8,7878.3,4,479900,359300,7738500000,21550,"2023-02-20T13:55:00.000Z",1676901300000,21600,21450,21500,79.9,20.1,0,1.5,0.6,,0.3,120600,600500,17815400,,12920530000,10329515000,2591015000,
330337,4449300,95911220000,239228785000,143317565000,389735980000,7119207391.3,4300947608.7,-0.1,199647.8,7878.3,1,166000,-6800,-142825000,21550,"2023-02-20T14:00:00.000Z",1676901600000,21600,21500,21550,49,51,0,0.5,0.9,,1,172800,338800,18154200,,7303255000,3580215000,3723040000,
330337,5066700,109250855000,254699255000,145448400000,407337285000,7119207391.3,4300947608.7,4.7,199647.8,7878.3,7.2,716200,617400,13339635000,21600,"2023-02-20T14:05:00.000Z",1676901900000,21650,21550,21600,87.9,12.1,0,2.2,0.5,,0.1,98800,815000,18969200,,17601305000,15470470000,2130835000,
330337,4830900,104160950000,257640130000,153479180000,418308940000,7119207391.3,4300947608.7,-1.8,199647.8,7878.3,0.4,136000,-235800,-5089905000,21600,"2023-02-20T14:10:00.000Z",1676902200000,21650,21550,21650,26.8,73.2,0,0.4,1.9,,2.7,371800,507800,19477000,,10971655000,2940875000,8030780000,
330337,5113400,110273680000,266755470000,156481790000,430426890000,7119207391.3,4300947608.7,2.2,199647.8,7878.3,3,421800,282500,6112730000,21600,"2023-02-20T14:15:00.000Z",1676902500000,21650,21550,21600,75.2,24.8,0,1.3,0.7,,0.3,139300,561100,20038100,,12117950000,9115340000,3002610000,
330337,6980800,150860580000,310936285000,160075705000,478201620000,7119207391.3,4300947608.7,14.4,199647.8,7878.3,12.3,2033200,1867400,40586900000,21800,"2023-02-20T14:20:00.000Z",1676902800000,21800,21600,21650,92.5,7.5,0,6.2,0.8,,0.1,165800,2199000,22237100,,47774730000,44180815000,3593915000,
330337,7386100,159739310000,327483540000,167744230000,502916620000,7119207391.3,4300947608.7,3.2,199647.8,7878.3,2.2,756300,405300,8878730000,21850,"2023-02-20T14:25:00.000Z",1676903100000,21900,21750,21750,66.9,31.1,2,2.3,1.8,2.9,0.5,351000,1130200,23367300,22900,24715000000,16547255000,7668525000,499220000
330337,6011700,129639950000,327483540000,197843590000,533015980000,7119207391.3,4300947608.7,-10.7,199647.8,7878.3,0,,-1374400,-30099360000,21900,"2023-02-20T14:45:00.000Z",1676904300000,21900,21900,21900,0,100,0,,6.9,,Infinity,1374400,1374400,24741700,,30099360000,,30099360000,
