"abu","acum_busd","acum_busd_val","acum_val_bu","acum_val_sd","acum_val","avg_val_bu","avg_val_sd","rbusd","asd","auk","bs","bu","bu-sd","bu-sd_val","c","date","datetime","h","l","o","pbu","psd","puk","rbu","rsd","ruk","sb","sd","sum_vol","total_vol","uk","val","val_bu","val_sd","val_uk"
50285.1,14200,313895000,1056180000,742285000,1798465000,1121835000,880814574.5,1.3,39610.6,7976.6,1.4,48000,14200,313895000,22050,"2023-02-20T09:15:00.000Z",1676884500000,22050,21950,21950,58.7,41.3,0,1,0.9,,0.7,33800,81800,81800,,1798465000,1056180000,742285000,
50285.1,17100,378660000,1418620000,1039960000,2458580000,1121835000,880814574.5,0.3,39610.6,7976.6,1.2,16400,2900,64765000,22100,"2023-02-20T09:20:00.000Z",1676884800000,22100,22050,22050,54.8,45.2,0,0.3,0.3,,0.8,13500,29900,111700,,660115000,362440000,297675000,
50285.1,-2800,-54745000,3219935000,3274680000,6805520000,1121835000,880814574.5,-1.8,39610.6,7976.6,0.8,81800,-19900,-433405000,22050,"2023-02-20T09:25:00.000Z",1676885100000,22100,21900,22100,41.4,51.5,7.1,1.6,2.6,1.8,1.2,101700,197600,309300,14100,4346940000,1801315000,2234720000,310905000
50285.1,30600,685285000,5033965000,4348680000,9693550000,1121835000,880814574.5,3.1,39610.6,7976.6,1.7,82000,33400,740030000,22100,"2023-02-20T09:30:00.000Z",1676885400000,22200,22050,22050,62.8,37.2,0,1.6,1.2,,0.6,48600,130600,439900,,2888030000,1814030000,1074000000,
50285.1,3600,89985000,5408865000,5318880000,11038650000,1121835000,880814574.5,-2.5,39610.6,7976.6,0.4,17000,-27000,-595300000,22050,"2023-02-20T09:35:00.000Z",1676885700000,22100,22050,22050,27.9,72.1,0,0.3,1.1,,2.6,44000,61000,500900,,1345100000,374900000,970200000,
50285.1,-5100,-101505000,5561355000,5662860000,11535120000,1121835000,880814574.5,-0.8,39610.6,7976.6,0.4,6900,-8700,-191490000,22050,"2023-02-20T09:40:00.000Z",1676886000000,22100,22050,22050,30.7,69.3,0,0.1,0.4,,2.3,15600,22500,523400,,496470000,152490000,343980000,
50285.1,-20100,-432185000,5592295000,6024480000,11927680000,1121835000,880814574.5,-1.4,39610.6,7976.6,0.1,1400,-15000,-330680000,22050,"2023-02-20T09:45:00.000Z",1676886300000,22100,22050,22050,7.9,92.1,0,0,0.4,,11.7,16400,17800,541200,,392560000,30940000,361620000,
50285.1,77200,1720280000,8487950000,6767670000,15566525000,1121835000,880814574.5,8.9,39610.6,7976.6,3.9,131000,97300,2152465000,22150,"2023-02-20T09:50:00.000Z",1676886600000,22150,22050,22050,79.5,20.5,0,2.6,0.9,,0.3,33700,164700,705900,,3638845000,2895655000,743190000,
50285.1,341300,7651560000,15821335000,8169775000,24359865000,1121835000,880814574.5,24.6,39610.6,7976.6,5.2,326400,264100,5931280000,22450,"2023-02-20T09:55:00.000Z",1676886900000,22600,22150,22150,83.4,15.9,0.7,6.5,1.6,0.3,0.2,62300,391300,1097200,2600,8793340000,7333385000,1402105000,57850000
50285.1,318200,7135395000,16480825000,9345430000,26195010000,1121835000,880814574.5,-2.1,39610.6,7976.6,0.6,29400,-23100,-516165000,22350,"2023-02-20T10:00:00.000Z",1676887200000,22500,22350,22500,35.9,64.1,0,0.6,1.3,,1.8,52500,81900,1179100,,1835145000,659490000,1175655000,
50285.1,296300,6645940000,16657400000,10011460000,27037615000,1121835000,880814574.5,-2,39610.6,7976.6,0.3,7900,-21900,-489455000,22350,"2023-02-20T10:05:00.000Z",1676887500000,22400,22350,22350,21,79,0,0.2,0.8,,3.8,29800,37700,1216800,,842605000,176575000,666030000,
50285.1,282300,6333460000,16807195000,10473735000,27649685000,1121835000,880814574.5,-1.3,39610.6,7976.6,0.3,6700,-14000,-312480000,22400,"2023-02-20T10:10:00.000Z",1676887800000,22400,22300,22350,24.5,75.5,0,0.1,0.5,,3.1,20700,27400,1244200,,612070000,149795000,462275000,
50285.1,268800,6032835000,17006460000,10973625000,28348840000,1121835000,880814574.5,-1.2,39610.6,7976.6,0.4,8900,-13500,-300625000,22350,"2023-02-20T10:15:00.000Z",1676888100000,22400,22300,22350,28.4,71.6,0,0.2,0.6,,2.5,22400,31300,1275500,,699155000,199265000,499890000,
50285.1,205500,4621285000,17024340000,12403055000,29796150000,1121835000,880814574.5,-5.9,39610.6,7976.6,0,800,-63300,-1411550000,22300,"2023-02-20T10:20:00.000Z",1676888400000,22350,22300,22350,1.2,98.8,0,0,1.6,,80.1,64100,64900,1340400,,1447310000,17880000,1429430000,
50285.1,195900,4407980000,17155910000,12747930000,30272595000,1121835000,880814574.5,-0.9,39610.6,7976.6,0.4,5900,-9600,-213305000,22250,"2023-02-20T10:25:00.000Z",1676888700000,22300,22250,22300,27.6,72.4,0,0.1,0.4,,2.6,15500,21400,1361800,,476445000,131570000,344875000,
50285.1,169900,3829865000,17327620000,13497755000,31194130000,1121835000,880814574.5,-2.4,39610.6,7976.6,0.2,7700,-26000,-578115000,22300,"2023-02-20T10:30:00.000Z",1676889000000,22300,22250,22250,18.6,81.4,0,0.2,0.9,,4.4,33700,41400,1403200,,921535000,171710000,749825000,
50285.1,185100,4169045000,17987780000,13818735000,32175270000,1121835000,880814574.5,1.4,39610.6,7976.6,2.1,29600,15200,339180000,22300,"2023-02-20T10:35:00.000Z",1676889300000,22350,22250,22250,67.3,32.7,0,0.6,0.4,,0.5,14400,44000,1447200,,981140000,660160000,320980000,
50285.1,188700,4249555000,18559940000,14310385000,33239080000,1121835000,880814574.5,0.3,39610.6,7976.6,1.2,25600,3600,80510000,22350,"2023-02-20T10:40:00.000Z",1676889600000,22350,22300,22300,53.8,46.2,0,0.5,0.6,,0.9,22000,47600,1494800,,1063810000,572160000,491650000,
50285.1,238000,5349075000,19748700000,14399625000,34554990000,1121835000,880814574.5,4.6,39610.6,7976.6,13.3,53300,49300,1099520000,22350,"2023-02-20T10:45:00.000Z",1676889900000,22350,22250,22350,90.3,6.8,2.9,1.1,0.1,0.2,0.1,4000,59000,1553800,1700,1315910000,1188760000,89240000,37910000
50285.1,238200,5353715000,20034780000,14681065000,35122510000,1121835000,880814574.5,0,39610.6,7976.6,1,12800,200,4640000,22350,"2023-02-20T10:50:00.000Z",1676890200000,22350,22300,22350,50.4,49.6,0,0.3,0.3,,1,12600,25400,1579200,,567520000,286080000,281440000,
50285.1,228900,5146645000,20220285000,15073640000,35700590000,1121835000,880814574.5,-0.9,39610.6,7976.6,0.5,8300,-9300,-207070000,22300,"2023-02-20T10:55:00.000Z",1676890500000,22350,22300,22350,32,68,0,0.2,0.4,,2.1,17600,25900,1605100,,578080000,185505000,392575000,
50285.1,187700,4227900000,20260440000,16032540000,36699645000,1121835000,880814574.5,-3.8,39610.6,7976.6,0,1800,-41200,-918745000,22300,"2023-02-20T11:00:00.000Z",1676890800000,22350,22300,22300,4,96,0,0,1.1,,23.9,43000,44800,1649900,,999055000,40155000,958900000,
50285.1,190000,4279190000,20525810000,16246620000,37179095000,1121835000,880814574.5,0.2,39610.6,7976.6,1.2,11900,2300,51290000,22300,"2023-02-20T11:05:00.000Z",1676891100000,22300,22300,22300,55.3,44.7,0,0.2,0.2,,0.8,9600,21500,1671400,,479450000,265370000,214080000,
50285.1,150600,3402910000,20690830000,17287920000,38385415000,1121835000,880814574.5,-3.6,39610.6,7976.6,0.2,7400,-39400,-876280000,22250,"2023-02-20T11:10:00.000Z",1676891400000,22300,22250,22300,13.7,86.3,0,0.1,1.2,,6.3,46800,54200,1725600,,1206320000,165020000,1041300000,
50285.1,137500,3112110000,20851030000,17738920000,38996615000,1121835000,880814574.5,-1.2,39610.6,7976.6,0.4,7200,-13100,-290800000,22200,"2023-02-20T11:15:00.000Z",1676891700000,22250,22200,22250,26.2,73.8,0,0.1,0.5,,2.8,20300,27500,1753100,,611200000,160200000,451000000,
50285.1,145700,3295300000,21212170000,17916870000,39535705000,1121835000,880814574.5,0.8,39610.6,7976.6,2,16200,8200,183190000,22300,"2023-02-20T11:20:00.000Z",1676892000000,22300,22200,22200,66.9,33.1,0,0.3,0.2,,0.5,8000,24200,1777300,,539090000,361140000,177950000,
50285.1,144900,3277700000,21301370000,18023670000,39731705000,1121835000,880814574.5,-0.1,39610.6,7976.6,0.8,4000,-800,-17600000,22300,"2023-02-20T11:25:00.000Z",1676892300000,22300,22250,22250,45.5,54.5,0,0.1,0.1,,1.2,4800,8800,1786100,,196000000,89200000,106800000,
50285.1,117300,2665360000,22271005000,19605645000,42574790000,1121835000,880814574.5,-2.5,39610.6,7976.6,0.6,43500,-27600,-612340000,22300,"2023-02-20T13:00:00.000Z",1676898000000,22300,22250,22300,34.1,55.7,10.3,0.9,1.8,1.6,1.6,71100,127700,1913800,13100,2843085000,969635000,1581975000,291475000
50285.1,1300,88045000,22331155000,22243110000,45401165000,1121835000,880814574.5,-10.7,39610.6,7976.6,0,2700,-116000,-2577315000,22200,"2023-02-20T13:05:00.000Z",1676898300000,22300,22200,22250,2.1,93.3,4.6,0.1,3,0.7,44,118700,127200,2041000,5800,2826375000,60150000,2637465000,128760000
50285.1,4100,150205000,22928335000,22778130000,46582205000,1121835000,880814574.5,0.3,39610.6,7976.6,1.1,26900,2800,62160000,22200,"2023-02-20T13:10:00.000Z",1676898600000,22200,22200,22200,50.6,45.3,4.1,0.5,0.6,0.3,0.9,24100,53200,2094200,2200,1181040000,597180000,535020000,48840000
50285.1,-9400,-149165000,23776375000,23925540000,48577655000,1121835000,880814574.5,-1.2,39610.6,7976.6,0.7,38200,-13500,-299370000,22200,"2023-02-20T13:15:00.000Z",1676898900000,22200,22150,22200,42.5,57.5,0,0.8,1.3,,1.4,51700,89900,2184100,,1995450000,848040000,1147410000,
50285.1,-76700,-1637530000,24899445000,26536975000,52312160000,1121835000,880814574.5,-6.2,39610.6,7976.6,0.4,50600,-67300,-1488365000,22100,"2023-02-20T13:20:00.000Z",1676899200000,22200,22100,22200,30,70,0,1,3,,2.3,117900,168500,2352600,,3734505000,1123070000,2611435000,
50285.1,-134200,-2906730000,27452340000,30359070000,58709250000,1121835000,880814574.5,-5.3,39610.6,7976.6,0.7,115400,-57500,-1269200000,22150,"2023-02-20T13:25:00.000Z",1676899500000,22200,22050,22150,39.9,59.8,0.3,2.3,4.4,0.1,1.5,172900,289300,2641900,1000,6397090000,2552895000,3822095000,22100000
50285.1,-27400,-534505000,30143780000,30678285000,61744270000,1121835000,880814574.5,9.8,39610.6,7976.6,8.4,121200,106800,2372225000,22300,"2023-02-20T13:30:00.000Z",1676899800000,22300,22100,22150,88.7,10.5,0.8,2.4,0.4,0.1,0.1,14400,136700,2778600,1100,3035020000,2691440000,319215000,24365000
50285.1,108000,2496580000,34457460000,31960880000,67353955000,1121835000,880814574.5,12.6,39610.6,7976.6,3.4,192900,135400,3031085000,22200,"2023-02-20T13:35:00.000Z",1676900100000,22400,22200,22300,76.9,22.9,0.2,3.8,1.5,0.1,0.3,57500,251000,3029600,600,5609685000,4313680000,1282595000,13410000
50285.1,72600,1708530000,35283810000,33575280000,69794705000,1121835000,880814574.5,-3.3,39610.6,7976.6,0.5,37100,-35400,-788050000,22250,"2023-02-20T13:40:00.000Z",1676900400000,22350,22200,22250,33.9,66.1,0,0.7,1.8,,2,72500,109600,3139200,,2440750000,826350000,1614400000,
50285.1,122700,2823455000,36560960000,33737505000,71234080000,1121835000,880814574.5,4.6,39610.6,7976.6,7.9,57400,50100,1114925000,22250,"2023-02-20T13:45:00.000Z",1676900700000,22250,22200,22250,88.7,11.3,0,1.1,0.2,,0.1,7300,64700,3203900,,1439375000,1277150000,162225000,
50285.1,129800,2982680000,37127360000,34144680000,72207655000,1121835000,880814574.5,0.7,39610.6,7976.6,1.4,25400,7100,159225000,22300,"2023-02-20T13:50:00.000Z",1676901000000,22300,22250,22300,58.1,41.9,0,0.5,0.5,,0.7,18300,43700,3247600,,973575000,566400000,407175000,
50285.1,194500,4426795000,39425850000,34999055000,75360520000,1121835000,880814574.5,6,39610.6,7976.6,2.7,103000,64700,1444115000,22350,"2023-02-20T13:55:00.000Z",1676901300000,22350,22250,22300,72.9,27.1,0,2,1,,0.4,38300,141300,3388900,,3152865000,2298490000,854375000,
50285.1,257200,5831820000,41607995000,35776175000,78319785000,1121835000,880814574.5,5.8,39610.6,7976.6,2.8,97400,62700,1405025000,22400,"2023-02-20T14:00:00.000Z",1676901600000,22450,22350,22400,73.7,26.3,0,1.9,0.9,,0.4,34700,132100,3521000,,2959265000,2182145000,777120000,
50285.1,257600,5842280000,43305215000,37462935000,81703765000,1121835000,880814574.5,0,39610.6,7976.6,1,75600,400,10460000,22400,"2023-02-20T14:05:00.000Z",1676901900000,22450,22400,22400,50.1,49.9,0,1.5,1.9,,1,75200,150800,3671800,,3383980000,1697220000,1686760000,
50285.1,316500,7165090000,44854265000,37689175000,83479055000,1121835000,880814574.5,5.5,39610.6,7976.6,6.8,69000,58900,1322810000,22400,"2023-02-20T14:10:00.000Z",1676902200000,22450,22400,22450,87.2,12.8,0,1.4,0.3,,0.1,10100,79100,3750900,,1775290000,1549050000,226240000,
50285.1,224500,5104625000,45006595000,39901970000,85844180000,1121835000,880814574.5,-8.5,39610.6,7976.6,0.1,6800,-92000,-2060465000,22350,"2023-02-20T14:15:00.000Z",1676902500000,22450,22350,22400,6.4,93.6,0,0.1,2.5,,14.5,98800,105600,3856500,,2365125000,152330000,2212795000,
50285.1,358500,8111565000,48813210000,40701645000,90450470000,1121835000,880814574.5,12.5,39610.6,7976.6,4.8,169700,134000,3006940000,22450,"2023-02-20T14:20:00.000Z",1676902800000,22450,22350,22350,82.6,17.4,0,3.4,0.9,,0.2,35700,205400,4061900,,4606290000,3806615000,799675000,
50285.1,456700,10317710000,51715995000,41398285000,94049895000,1121835000,880814574.5,9.2,39610.6,7976.6,4.2,129300,98200,2206145000,22450,"2023-02-20T14:25:00.000Z",1676903100000,22450,22400,22450,80.6,19.4,0,2.6,0.8,,0.2,31100,160400,4222300,,3599425000,2902785000,696640000,
50285.1,501700,11327960000,52726245000,41398285000,95060145000,1121835000,880814574.5,4.2,39610.6,7976.6,Infinity,45000,45000,1010250000,22450,"2023-02-20T14:30:00.000Z",1676903400000,22450,22450,22450,100,0,0,0.9,,,0,,45000,4267300,,1010250000,1010250000,,
50285.1,501700,11327960000,52726245000,41398285000,102545895000,1121835000,880814574.5,0,39610.6,7976.6,NaN,,0,0,22500,"2023-02-20T14:45:00.000Z",1676904300000,22500,22500,22500,0,0,100,,,41.7,NaN,,332700,4600000,332700,7485750000,,,7485750000
