"abu","acum_busd","acum_busd_val","acum_val_bu","acum_val_sd","acum_val","avg_val_bu","avg_val_sd","rbusd","asd","auk","bs","bu","bu-sd","bu-sd_val","c","date","datetime","h","l","o","pbu","psd","puk","rbu","rsd","ruk","sb","sd","sum_vol","total_vol","uk","val","val_bu","val_sd","val_uk"
131637.9,123400,1789340000,1800900000,11560000,1812460000,1982156120.7,1076271034.5,2,71850.9,13374.1,155.3,124200,123400,1789340000,14500,"2023-02-20T09:14:00.000Z",1676884440000,14500,14450,14500,99.4,0.6,0,0.9,0,,0,800,125000,125000,,1812460000,1800900000,11560000,
131637.9,250500,3633285000,3932400000,299115000,4231515000,1982156120.7,1076271034.5,2,71850.9,13374.1,7.4,147000,127100,1843945000,14500,"2023-02-20T09:16:00.000Z",1676884560000,14500,14450,14500,88.1,11.9,0,1.1,0.3,,0.1,19900,166900,291900,,2419055000,2131500000,287555000,
131637.9,295400,4285560000,4713785000,428225000,5142010000,1982156120.7,1076271034.5,0.7,71850.9,13374.1,6,53800,44900,652275000,14550,"2023-02-20T09:18:00.000Z",1676884680000,14550,14500,14500,85.8,14.2,0,0.4,0.1,,0.2,8900,62700,354600,,910495000,781385000,129110000,
131637.9,252400,3662575000,5371655000,1709080000,7080735000,1982156120.7,1076271034.5,-0.7,71850.9,13374.1,0.5,45100,-43000,-622985000,14550,"2023-02-20T09:20:00.000Z",1676884800000,14600,14500,14550,33.9,66.1,0,0.3,1.2,,2,88100,133200,487800,,1938725000,657870000,1280855000,
131637.9,435600,6338700000,8106090000,1767390000,9873480000,1982156120.7,1076271034.5,3,71850.9,13374.1,46.8,187200,183200,2676125000,14650,"2023-02-20T09:22:00.000Z",1676884920000,14650,14550,14550,97.9,2.1,0,1.4,0.1,,0,4000,191200,679000,,2792745000,2734435000,58310000,
131637.9,483800,7045380000,9549615000,2504235000,12053850000,1982156120.7,1076271034.5,0.8,71850.9,13374.1,2,98500,48200,706680000,14650,"2023-02-20T09:24:00.000Z",1676885040000,14700,14600,14650,66.2,33.8,0,0.7,0.7,,0.5,50300,148800,827800,,2180370000,1443525000,736845000,
131637.9,341600,4967325000,9709390000,4742065000,14451455000,1982156120.7,1076271034.5,-2.3,71850.9,13374.1,0.1,10900,-142200,-2078055000,14600,"2023-02-20T09:26:00.000Z",1676885160000,14700,14600,14650,6.6,93.4,0,0.1,2.1,,14,153100,164000,991800,,2397605000,159775000,2237830000,
131637.9,403900,5879970000,11155860000,5275890000,16431750000,1982156120.7,1076271034.5,1,71850.9,13374.1,2.7,98800,62300,912645000,14650,"2023-02-20T09:28:00.000Z",1676885280000,14650,14600,14600,73,27,0,0.8,0.5,,0.4,36500,135300,1127100,,1980295000,1446470000,533825000,
131637.9,645800,9435445000,14950110000,5514665000,20464775000,1982156120.7,1076271034.5,3.9,71850.9,13374.1,15.8,258200,241900,3555475000,14700,"2023-02-20T09:30:00.000Z",1676885400000,14700,14600,14650,94.1,5.9,0,2,0.2,,0.1,16300,274500,1401600,,4033025000,3794250000,238775000,
131637.9,632300,9238495000,16500960000,7262465000,23763425000,1982156120.7,1076271034.5,-0.2,71850.9,13374.1,0.9,105500,-13500,-196950000,14700,"2023-02-20T09:32:00.000Z",1676885520000,14700,14650,14650,47,53,0,0.8,1.7,,1.1,119000,224500,1626100,,3298650000,1550850000,1747800000,
131637.9,610000,8911975000,16617090000,7705115000,24322205000,1982156120.7,1076271034.5,-0.4,71850.9,13374.1,0.3,7900,-22300,-326520000,14650,"2023-02-20T09:34:00.000Z",1676885640000,14700,14650,14700,20.7,79.3,0,0.1,0.4,,3.8,30200,38100,1664200,,558780000,116130000,442650000,
131637.9,569500,8319000000,17909525000,9590525000,27500050000,1982156120.7,1076271034.5,-0.7,71850.9,13374.1,0.7,88200,-40500,-592975000,14700,"2023-02-20T09:36:00.000Z",1676885760000,14700,14600,14650,40.7,59.3,0,0.7,1.8,,1.5,128700,216900,1881100,,3177845000,1292435000,1885410000,
131637.9,631800,9235215000,18944405000,9709190000,28653595000,1982156120.7,1076271034.5,1,71850.9,13374.1,8.7,70400,62300,916215000,14700,"2023-02-20T09:38:00.000Z",1676885880000,14700,14650,14650,89.7,10.3,0,0.5,0.1,,0.1,8100,78500,1959600,,1153545000,1034880000,118665000,
131637.9,557400,8143315000,20067795000,11924480000,31992275000,1982156120.7,1076271034.5,-1.2,71850.9,13374.1,0.5,76300,-74400,-1091900000,14700,"2023-02-20T09:40:00.000Z",1676886000000,14750,14700,14700,33.6,66.4,0,0.6,2.1,,2,150700,227000,2186600,,3338680000,1123390000,2215290000,
131637.9,1005600,14767190000,26827240000,12060050000,38887290000,1982156120.7,1076271034.5,7.3,71850.9,13374.1,49.7,457400,448200,6623875000,14750,"2023-02-20T09:42:00.000Z",1676886120000,14850,14700,14700,98,2,0,3.5,0.1,,0,9200,466600,2653200,,6895015000,6759445000,135570000,
131637.9,1064600,15640940000,28399300000,12758360000,41157660000,1982156120.7,1076271034.5,1,71850.9,13374.1,2.3,106200,59000,873750000,14850,"2023-02-20T09:44:00.000Z",1676886240000,14850,14750,14800,69.2,30.8,0,0.8,0.7,,0.4,47200,153400,2806600,,2270370000,1572060000,698310000,
131637.9,1002500,14721910000,28414150000,13692240000,42106390000,1982156120.7,1076271034.5,-1,71850.9,13374.1,0,1000,-62100,-919030000,14850,"2023-02-20T09:46:00.000Z",1676886360000,14850,14800,14800,1.6,98.4,0,0,0.9,,63.1,63100,64100,2870700,,948730000,14850000,933880000,
131637.9,1208800,17787875000,33087465000,15299590000,48387055000,1982156120.7,1076271034.5,3.4,71850.9,13374.1,2.9,314700,206300,3065965000,14900,"2023-02-20T09:48:00.000Z",1676886480000,14900,14800,14800,74.4,25.6,0,2.4,1.5,,0.3,108400,423100,3293800,,6280665000,4673315000,1607350000,
131637.9,1077300,15838485000,34740330000,18901845000,53643660000,1982156120.7,1076271034.5,-2.2,71850.9,13374.1,0.5,111100,-131500,-1949390000,14850,"2023-02-20T09:50:00.000Z",1676886600000,14900,14800,14900,31.4,68.6,0,0.8,3.4,0,2.2,242600,353800,3647600,100,5256605000,1652865000,3602255000,1485000
131637.9,1159300,17056475000,36044160000,18987685000,55033330000,1982156120.7,1076271034.5,1.3,71850.9,13374.1,15.1,87800,82000,1217990000,14850,"2023-02-20T09:52:00.000Z",1676886720000,14850,14800,14850,93.8,6.2,0,0.7,0.1,,0.1,5800,93600,3741200,,1389670000,1303830000,85840000,
131637.9,1069200,15724545000,36504510000,20779965000,57285960000,1982156120.7,1076271034.5,-1.5,71850.9,13374.1,0.3,31000,-90100,-1331930000,14800,"2023-02-20T09:54:00.000Z",1676886840000,14850,14800,14850,20.4,79.6,0,0.2,1.7,,3.9,121100,152100,3893300,,2252630000,460350000,1792280000,
131637.9,1051700,15465570000,38284955000,22819385000,61105825000,1982156120.7,1076271034.5,-0.3,71850.9,13374.1,0.9,120300,-17500,-258975000,14800,"2023-02-20T09:56:00.000Z",1676886960000,14850,14750,14800,46.6,53.4,0,0.9,1.9,,1.1,137800,258100,4151400,,3819865000,1780445000,2039420000,
131637.9,1001600,14727065000,38754475000,24027410000,62783370000,1982156120.7,1076271034.5,-0.8,71850.9,13374.1,0.4,31800,-50100,-738505000,14750,"2023-02-20T09:58:00.000Z",1676887080000,14800,14750,14750,28,72,0,0.2,1.1,,2.6,81900,113700,4265100,,1677545000,469520000,1208025000,
131637.9,960800,14125340000,38776675000,24651335000,63429495000,1982156120.7,1076271034.5,-0.7,71850.9,13374.1,0,1500,-40800,-601725000,14750,"2023-02-20T10:00:00.000Z",1676887200000,14800,14750,14750,3.4,96.6,0,0,0.6,,28.2,42300,43800,4308900,,646125000,22200000,623925000,
131637.9,825700,12132715000,38964100000,26831385000,65796970000,1982156120.7,1076271034.5,-2.2,71850.9,13374.1,0.1,12700,-135100,-1992625000,14750,"2023-02-20T10:02:00.000Z",1676887320000,14800,14750,14750,7.9,92.1,0,0.1,2.1,,11.6,147800,160500,4469400,,2367475000,187425000,2180050000,
131637.9,813400,11952685000,39194200000,27241515000,66437200000,1982156120.7,1076271034.5,-0.2,71850.9,13374.1,0.6,15600,-12300,-180030000,14700,"2023-02-20T10:04:00.000Z",1676887440000,14750,14700,14750,35.9,64.1,0,0.1,0.4,,1.8,27900,43500,4512900,,640230000,230100000,410130000,
131637.9,856400,12587300000,39936125000,27348825000,67286435000,1982156120.7,1076271034.5,0.7,71850.9,13374.1,6.9,50300,43000,634615000,14700,"2023-02-20T10:06:00.000Z",1676887560000,14750,14700,14700,87.3,12.7,0,0.4,0.1,,0.1,7300,57600,4570500,,849235000,741925000,107310000,
131637.9,838300,12320750000,40222450000,27901700000,68125635000,1982156120.7,1076271034.5,-0.3,71850.9,13374.1,0.5,19400,-18100,-266550000,14750,"2023-02-20T10:08:00.000Z",1676887680000,14800,14700,14750,34.1,65.9,0,0.1,0.5,,1.9,37500,56900,4627400,,839200000,286325000,552875000,
131637.9,706400,10382975000,40679700000,30296725000,70977910000,1982156120.7,1076271034.5,-2.1,71850.9,13374.1,0.2,31000,-131900,-1937775000,14700,"2023-02-20T10:10:00.000Z",1676887800000,14750,14700,14750,16,84,0,0.2,2.3,,5.3,162900,193900,4821300,,2852275000,457250000,2395025000,
131637.9,704700,10358100000,40713625000,30355525000,71070635000,1982156120.7,1076271034.5,0,71850.9,13374.1,0.6,2300,-1700,-24875000,14700,"2023-02-20T10:12:00.000Z",1676887920000,14750,14700,14700,36.5,63.5,0,0,0.1,,1.7,4000,6300,4827600,,92725000,33925000,58800000,
131637.9,725600,10666745000,41131050000,30464305000,71596840000,1982156120.7,1076271034.5,0.3,71850.9,13374.1,3.8,28300,20900,308645000,14750,"2023-02-20T10:14:00.000Z",1676888040000,14750,14700,14700,79.3,20.7,0,0.2,0.1,,0.3,7400,35700,4863300,,526205000,417425000,108780000,
131637.9,741700,10904820000,41746125000,30841305000,72588915000,1982156120.7,1076271034.5,0.3,71850.9,13374.1,1.6,41700,16100,238075000,14750,"2023-02-20T10:16:00.000Z",1676888160000,14750,14700,14700,62,38,0,0.3,0.4,,0.6,25600,67300,4930600,,992075000,615075000,377000000,
131637.9,755900,11114390000,41990975000,30876585000,72869045000,1982156120.7,1076271034.5,0.2,71850.9,13374.1,6.9,16600,14200,209570000,14700,"2023-02-20T10:18:00.000Z",1676888280000,14750,14700,14750,87.4,12.6,0,0.1,0,,0.1,2400,19000,4949600,,280130000,244850000,35280000,
131637.9,610000,8969975000,43212855000,34242880000,77457220000,1982156120.7,1076271034.5,-2.4,71850.9,13374.1,0.4,83100,-145900,-2144415000,14700,"2023-02-20T10:20:00.000Z",1676888400000,14750,14650,14750,26.6,73.4,0,0.6,3.2,,2.8,229000,312100,5261700,,4588175000,1221880000,3366295000,
131637.9,596700,8774490000,43333420000,34558930000,77893835000,1982156120.7,1076271034.5,-0.2,71850.9,13374.1,0.4,8200,-13300,-195485000,14750,"2023-02-20T10:22:00.000Z",1676888520000,14750,14700,14700,27.6,72.4,0,0.1,0.3,,2.6,21500,29700,5291400,,436615000,120565000,316050000,
131637.9,606600,8921390000,43737570000,34816180000,78555235000,1982156120.7,1076271034.5,0.2,71850.9,13374.1,1.6,27400,9900,146900000,14750,"2023-02-20T10:24:00.000Z",1676888640000,14750,14700,14750,61,39,0,0.2,0.2,,0.6,17500,44900,5336300,,661400000,404150000,257250000,
131637.9,548100,8061515000,44332995000,36271480000,80605960000,1982156120.7,1076271034.5,-0.9,71850.9,13374.1,0.4,40500,-58500,-859875000,14700,"2023-02-20T10:26:00.000Z",1676888760000,14750,14700,14700,29,71,0,0.3,1.4,,2.4,99000,139500,5475800,,2050725000,595425000,1455300000,
131637.9,516300,7594105000,44566750000,36972645000,81540880000,1982156120.7,1076271034.5,-0.5,71850.9,13374.1,0.3,15900,-31800,-467410000,14700,"2023-02-20T10:28:00.000Z",1676888880000,14750,14650,14750,25,75,0,0.1,0.7,,3,47700,63600,5539400,,934920000,233755000,701165000,
131637.9,528100,7767600000,44757885000,36990285000,81749655000,1982156120.7,1076271034.5,0.2,71850.9,13374.1,10.8,13000,11800,173495000,14700,"2023-02-20T10:30:00.000Z",1676889000000,14750,14700,14700,91.5,8.5,0,0.1,0,,0.1,1200,14200,5553600,,208775000,191135000,17640000,
131637.9,629100,9258440000,46573610000,37315170000,83890265000,1982156120.7,1076271034.5,1.6,71850.9,13374.1,5.6,123100,101000,1490840000,14750,"2023-02-20T10:32:00.000Z",1676889120000,14750,14700,14700,84.8,15.2,0,0.9,0.3,,0.2,22100,145200,5698800,,2140610000,1815725000,324885000,
131637.9,621300,9143585000,46631330000,37487745000,84120560000,1982156120.7,1076271034.5,-0.1,71850.9,13374.1,0.3,3900,-7800,-114855000,14800,"2023-02-20T10:34:00.000Z",1676889240000,14800,14750,14750,25,75,0,0,0.2,,3,11700,15600,5714400,,230295000,57720000,172575000,
131637.9,599200,8817845000,46700890000,37883045000,84585420000,1982156120.7,1076271034.5,-0.4,71850.9,13374.1,0.2,4700,-22100,-325740000,14800,"2023-02-20T10:36:00.000Z",1676889360000,14800,14750,14800,14.9,85.1,0,0,0.4,,5.7,26800,31500,5745900,,464860000,69560000,395300000,
131637.9,628400,9251750000,47649570000,38397820000,86048875000,1982156120.7,1076271034.5,0.5,71850.9,13374.1,1.8,64100,29200,433905000,14750,"2023-02-20T10:38:00.000Z",1676889480000,14800,14750,14750,64.7,35.3,0,0.5,0.5,,0.5,34900,99000,5844900,,1463455000,948680000,514775000,
131637.9,809100,11926265000,50369810000,38443545000,88814840000,1982156120.7,1076271034.5,3,71850.9,13374.1,59.3,183800,180700,2674515000,14800,"2023-02-20T10:40:00.000Z",1676889600000,14800,14750,14800,98.3,1.7,0,1.4,0,,0,3100,186900,6031800,,2765965000,2720240000,45725000,
131637.9,991700,14635585000,54157525000,39521940000,93820070000,1982156120.7,1076271034.5,3,71850.9,13374.1,3.5,255500,182600,2709320000,14850,"2023-02-20T10:42:00.000Z",1676889720000,14850,14750,14750,75.6,21.6,2.8,1.9,1,0.7,0.3,72900,337800,6369600,9400,5005230000,3787715000,1078395000,139120000
131637.9,1213900,17936020000,58147965000,40211945000,98500515000,1982156120.7,1076271034.5,3.6,71850.9,13374.1,5.8,268700,222200,3300435000,14900,"2023-02-20T10:44:00.000Z",1676889840000,14900,14800,14800,85.2,14.8,0,2,0.6,,0.2,46500,315200,6684800,,4680445000,3990440000,690005000,
131637.9,1256700,18574395000,59393670000,40819275000,100353550000,1982156120.7,1076271034.5,0.7,71850.9,13374.1,2,83700,42800,638375000,14850,"2023-02-20T10:46:00.000Z",1676889960000,14900,14800,14850,67.2,32.8,0,0.6,0.6,,0.5,40900,124600,6809400,,1853035000,1245705000,607330000,
131637.9,1309900,19364415000,60183690000,40819275000,101143570000,1982156120.7,1076271034.5,0.9,71850.9,13374.1,Infinity,53200,53200,790020000,14850,"2023-02-20T10:48:00.000Z",1676890080000,14850,14850,14850,100,0,0,0.4,,,0,,53200,6862600,,790020000,790020000,,
131637.9,1519100,22474975000,63811005000,41336030000,105287640000,1982156120.7,1076271034.5,3.4,71850.9,13374.1,7,244000,209200,3110560000,14900,"2023-02-20T10:50:00.000Z",1676890200000,14900,14800,14850,87.5,12.5,0,1.9,0.5,,0.1,34800,278800,7141400,,4144070000,3627315000,516755000,
131637.9,2335800,34664655000,76556020000,41891365000,118587990000,1982156120.7,1076271034.5,13.5,71850.9,13374.1,22.9,854000,816700,12189680000,14950,"2023-02-20T10:52:00.000Z",1676890320000,15000,14850,14900,95.8,4.2,0,6.5,0.5,,0,37300,891300,8032700,,13300350000,12745015000,555335000,
131637.9,2093100,31047775000,77759415000,46711640000,124611660000,1982156120.7,1076271034.5,-4,71850.9,13374.1,0.2,80600,-242700,-3616880000,14950,"2023-02-20T10:54:00.000Z",1676890440000,15000,14900,14950,20,80,0,0.6,4.5,,4,323300,403900,8436600,,6023670000,1203395000,4820275000,
131637.9,2019400,29949820000,77841365000,47891545000,125873515000,1982156120.7,1076271034.5,-1.2,71850.9,13374.1,0.1,5500,-73700,-1097955000,14850,"2023-02-20T10:56:00.000Z",1676890560000,14900,14850,14900,6.5,93.5,0,0,1.1,,14.4,79200,84700,8521300,,1261855000,81950000,1179905000,
131637.9,2139900,31745275000,79638305000,47893030000,127671940000,1982156120.7,1076271034.5,2,71850.9,13374.1,1206,120600,120500,1795455000,14900,"2023-02-20T10:58:00.000Z",1676890680000,14900,14850,14900,99.9,0.1,0,0.9,0,,0,100,120700,8642000,,1798425000,1796940000,1485000,
131637.9,2154200,31960095000,80372875000,48412780000,128926260000,1982156120.7,1076271034.5,0.2,71850.9,13374.1,1.4,49300,14300,214820000,14900,"2023-02-20T11:00:00.000Z",1676890800000,14900,14850,14900,58.5,41.5,0,0.4,0.5,,0.7,35000,84300,8726300,,1254320000,734570000,519750000,
131637.9,2128900,31584465000,80395225000,48810760000,129346590000,1982156120.7,1076271034.5,-0.4,71850.9,13374.1,0.1,1500,-25300,-375630000,14850,"2023-02-20T11:02:00.000Z",1676890920000,14900,14850,14900,5.3,94.7,0,0,0.4,,17.9,26800,28300,8754600,,420330000,22350000,397980000,
131637.9,1941200,28799090000,80499510000,51700420000,132340535000,1982156120.7,1076271034.5,-3.1,71850.9,13374.1,0,7000,-187700,-2785375000,14800,"2023-02-20T11:04:00.000Z",1676891040000,14900,14800,14850,3.5,96.5,0,0.1,2.7,,27.8,194700,201700,8956300,,2993945000,104285000,2889660000,
131637.9,1710400,25383940000,80774000000,55390060000,136304665000,1982156120.7,1076271034.5,-3.8,71850.9,13374.1,0.1,18500,-230800,-3415150000,14800,"2023-02-20T11:06:00.000Z",1676891160000,14850,14800,14800,6.9,93.1,0,0.1,3.5,,13.5,249300,267800,9224100,,3964130000,274490000,3689640000,
131637.9,1755100,26047745000,82114955000,56067210000,138322770000,1982156120.7,1076271034.5,0.7,71850.9,13374.1,2,90300,44700,663805000,14850,"2023-02-20T11:08:00.000Z",1676891280000,14850,14800,14800,66.4,33.6,0,0.7,0.6,,0.5,45600,135900,9360000,,2018105000,1340955000,677150000,
131637.9,1725100,25602280000,82125385000,56523105000,138789095000,1982156120.7,1076271034.5,-0.5,71850.9,13374.1,0,700,-30000,-445465000,14850,"2023-02-20T11:10:00.000Z",1676891400000,14900,14850,14850,2.2,97.8,0,0,0.4,,43.9,30700,31400,9391400,,466325000,10430000,455895000,
131637.9,1664500,24702370000,82125385000,57423015000,139689005000,1982156120.7,1076271034.5,-1,71850.9,13374.1,0,,-60600,-899910000,14850,"2023-02-20T11:12:00.000Z",1676891520000,14850,14850,14850,0,100,0,,0.8,,Infinity,60600,60600,9452000,,899910000,,899910000,
131637.9,1657300,24595990000,82286305000,57690315000,140117225000,1982156120.7,1076271034.5,-0.1,71850.9,13374.1,0.6,10800,-7200,-106380000,14850,"2023-02-20T11:14:00.000Z",1676891640000,14900,14850,14850,37.5,62.5,0,0.1,0.3,,1.7,18000,28800,9480800,,428220000,160920000,267300000,
131637.9,1818000,26991015000,85020490000,58029475000,143190570000,1982156120.7,1076271034.5,2.6,71850.9,13374.1,8,183500,160700,2395025000,14900,"2023-02-20T11:16:00.000Z",1676891760000,14950,14850,14850,88.9,11.1,0,1.4,0.3,,0.1,22800,206300,9687100,,3073345000,2734185000,339160000,
131637.9,2151900,31990010000,90292685000,58302675000,148735965000,1982156120.7,1076271034.5,5.5,71850.9,13374.1,19.2,352200,333900,4998995000,14950,"2023-02-20T11:18:00.000Z",1676891880000,15000,14900,14900,95.1,4.9,0,2.7,0.3,,0.1,18300,370500,10057600,,5545395000,5272195000,273200000,
131637.9,2935600,43754400000,104107630000,60353230000,164601465000,1982156120.7,1076271034.5,13,71850.9,13374.1,6.7,920200,783700,11764390000,15100,"2023-02-20T11:20:00.000Z",1676892000000,15100,14950,15000,87.1,12.9,0,7,1.9,,0.1,136500,1056700,11114300,,15865500000,13814945000,2050555000,
131637.9,3020000,45029270000,105861090000,60831820000,166872645000,1982156120.7,1076271034.5,1.4,71850.9,13374.1,3.7,116200,84400,1274870000,15100,"2023-02-20T11:22:00.000Z",1676892120000,15100,15050,15050,77.2,21.1,1.7,0.9,0.4,0.2,0.3,31800,150600,11264900,2600,2271180000,1753460000,478590000,39130000
131637.9,3282900,49000470000,110445560000,61445090000,172070385000,1982156120.7,1076271034.5,4.4,71850.9,13374.1,7.5,303600,262900,3971200000,15100,"2023-02-20T11:24:00.000Z",1676892240000,15150,15050,15050,88.2,11.8,0,2.3,0.6,,0.1,40700,344300,11609200,,5197740000,4584470000,613270000,
131637.9,3261200,48673265000,112641200000,63967935000,176788870000,1982156120.7,1076271034.5,-0.4,71850.9,13374.1,0.9,145400,-21700,-327205000,15050,"2023-02-20T11:26:00.000Z",1676892360000,15150,15050,15100,46.5,53.5,0,1.1,2.3,,1.1,167100,312500,11921700,,4718485000,2195640000,2522845000,
131637.9,3321800,49597300000,116150960000,66553660000,182971935000,1982156120.7,1076271034.5,1,71850.9,13374.1,1.4,232300,60600,924035000,15100,"2023-02-20T11:28:00.000Z",1676892480000,15150,15050,15100,56.7,41.9,1.4,1.8,2.4,0.4,0.7,171700,409800,12331500,5800,6183065000,3509760000,2585725000,87580000
131637.9,3322800,49612400000,116166060000,66553660000,182987035000,1982156120.7,1076271034.5,0,71850.9,13374.1,Infinity,1000,1000,15100000,15100,"2023-02-20T11:30:00.000Z",1676892600000,15100,15100,15100,100,0,0,0,,,0,,1000,12332500,,15100000,15100000,,
131637.9,3337000,49837410000,119337970000,69500560000,189242800000,1982156120.7,1076271034.5,0.2,71850.9,13374.1,1.1,210400,14200,225010000,15100,"2023-02-20T13:00:00.000Z",1676898000000,15100,15000,15100,50.6,47.2,2.2,1.6,2.7,0.7,0.9,196200,415700,12748200,9100,6255765000,3171910000,2946900000,136955000
131637.9,3315200,49514995000,121051820000,71536825000,192992915000,1982156120.7,1076271034.5,-0.4,71850.9,13374.1,0.8,113500,-21800,-322415000,15050,"2023-02-20T13:02:00.000Z",1676898120000,15100,15050,15100,45.6,54.4,0,0.9,1.9,,1.2,135300,248800,12997000,,3750115000,1713850000,2036265000,
131637.9,3265500,48767255000,121542450000,72775195000,194721915000,1982156120.7,1076271034.5,-0.8,71850.9,13374.1,0.4,32600,-49700,-747740000,15050,"2023-02-20T13:04:00.000Z",1676898240000,15050,15000,15050,28.4,71.6,0,0.2,1.1,,2.5,82300,114900,13111900,,1729000000,490630000,1238370000,
131637.9,3293900,49196605000,122635080000,73438475000,196477825000,1982156120.7,1076271034.5,0.5,71850.9,13374.1,1.6,72600,28400,429350000,15050,"2023-02-20T13:06:00.000Z",1676898360000,15050,15000,15050,62.2,37.8,0,0.6,0.6,,0.6,44200,116800,13228700,,1755910000,1092630000,663280000,
131637.9,3246000,48475765000,122654700000,74178935000,197237905000,1982156120.7,1076271034.5,-0.8,71850.9,13374.1,0,1300,-47900,-720840000,15050,"2023-02-20T13:08:00.000Z",1676898480000,15100,15050,15050,2.6,97.4,0,0,0.7,,37.8,49200,50500,13279200,,760080000,19620000,740460000,
131637.9,3201600,47807575000,123080615000,75273040000,198757925000,1982156120.7,1076271034.5,-0.7,71850.9,13374.1,0.4,28300,-44400,-668190000,15050,"2023-02-20T13:10:00.000Z",1676898600000,15050,15000,15050,28,72,0,0.2,1,,2.6,72700,101000,13380200,,1520020000,425915000,1094105000,
131637.9,3221900,48113320000,124042320000,75929000000,200375590000,1982156120.7,1076271034.5,0.3,71850.9,13374.1,1.5,63900,20300,305745000,15050,"2023-02-20T13:12:00.000Z",1676898720000,15100,15000,15050,59.4,40.6,0,0.5,0.6,,0.7,43600,107500,13487700,,1617665000,961705000,655960000,
131637.9,3174400,47399485000,124406555000,77007070000,201817895000,1982156120.7,1076271034.5,-0.8,71850.9,13374.1,0.3,24200,-47500,-713835000,15050,"2023-02-20T13:14:00.000Z",1676898840000,15100,15000,15050,25.2,74.8,0,0.2,1,,3,71700,95900,13583600,,1442305000,364235000,1078070000,
131637.9,3096500,46227470000,124691380000,78463910000,203559560000,1982156120.7,1076271034.5,-1.3,71850.9,13374.1,0.2,18900,-77900,-1172015000,15050,"2023-02-20T13:16:00.000Z",1676898960000,15100,15050,15050,16.3,83.7,0,0.1,1.3,,5.1,96800,115700,13699300,,1741665000,284825000,1456840000,
131637.9,2989900,44623925000,124928450000,80304525000,205637245000,1982156120.7,1076271034.5,-1.8,71850.9,13374.1,0.1,15700,-106600,-1603545000,15050,"2023-02-20T13:18:00.000Z",1676899080000,15100,15050,15050,11.4,88.6,0,0.1,1.7,,7.8,122300,138000,13837300,,2077685000,237070000,1840615000,
131637.9,2897800,43237930000,124961670000,81723740000,207089680000,1982156120.7,1076271034.5,-1.5,71850.9,13374.1,0,2200,-92100,-1385995000,15050,"2023-02-20T13:20:00.000Z",1676899200000,15100,15050,15100,2.3,97.7,0,0,1.3,,42.9,94300,96500,13933800,,1452435000,33220000,1419215000,
131637.9,2887700,43086440000,125117200000,82030760000,207552230000,1982156120.7,1076271034.5,-0.2,71850.9,13374.1,0.5,10300,-10100,-151490000,15100,"2023-02-20T13:22:00.000Z",1676899320000,15100,15050,15050,33.6,66.4,0,0.1,0.3,,2,20400,30700,13964500,,462550000,155530000,307020000,
131637.9,2882400,43006855000,125171560000,82164705000,207740535000,1982156120.7,1076271034.5,-0.1,71850.9,13374.1,0.4,3600,-5300,-79585000,15100,"2023-02-20T13:24:00.000Z",1676899440000,15100,15050,15050,28.8,71.2,0,0,0.1,,2.5,8900,12500,13977000,,188305000,54360000,133945000,
131637.9,3233200,48304540000,131060665000,82756125000,214221060000,1982156120.7,1076271034.5,5.8,71850.9,13374.1,9.9,390000,350800,5297685000,15100,"2023-02-20T13:26:00.000Z",1676899560000,15150,15050,15100,90.9,9.1,0,3,0.5,,0.1,39200,429200,14406200,,6480525000,5889105000,591420000,
131637.9,3354500,50142765000,133058950000,82916185000,216379405000,1982156120.7,1076271034.5,2,71850.9,13374.1,12.4,131900,121300,1838225000,15150,"2023-02-20T13:28:00.000Z",1676899680000,15150,15100,15150,92.6,7.4,0,1,0.1,,0.1,10600,142500,14548700,,2158345000,1998285000,160060000,
131637.9,3265000,48794950000,134160355000,85365405000,219930030000,1982156120.7,1076271034.5,-1.5,71850.9,13374.1,0.4,72700,-89500,-1347815000,15150,"2023-02-20T13:30:00.000Z",1676899800000,15150,15100,15150,30.9,69.1,0,0.6,2.3,,2.2,162200,234900,14783600,,3550625000,1101405000,2449220000,
131637.9,3653800,54685400000,140391675000,85706275000,226502220000,1982156120.7,1076271034.5,6.5,71850.9,13374.1,18.3,411300,388800,5890450000,15150,"2023-02-20T13:32:00.000Z",1676899920000,15200,15100,15100,94.8,5.2,0,3.1,0.3,,0.1,22500,433800,15217400,,6572190000,6231320000,340870000,
131637.9,3681800,55112490000,141270235000,86157745000,227832250000,1982156120.7,1076271034.5,0.5,71850.9,13374.1,1.9,57800,28000,427090000,15200,"2023-02-20T13:34:00.000Z",1676900040000,15200,15150,15150,66,34,0,0.4,0.4,,0.5,29800,87600,15305000,,1330030000,878560000,451470000,
131637.9,3782800,56647730000,142817595000,86169865000,229391730000,1982156120.7,1076271034.5,1.7,71850.9,13374.1,127.3,101800,101000,1535240000,15200,"2023-02-20T13:36:00.000Z",1676900160000,15200,15150,15200,99.2,0.8,0,0.8,0,,0,800,102600,15407600,,1559480000,1547360000,12120000,
131637.9,4284200,64280070000,151844185000,87564115000,239812570000,1982156120.7,1076271034.5,8.4,71850.9,13374.1,6.5,593100,501400,7632340000,15200,"2023-02-20T13:38:00.000Z",1676900280000,15300,15150,15200,86.6,13.4,0,4.5,1.3,,0.2,91700,684800,16092400,,10420840000,9026590000,1394250000,
131637.9,4271100,64081505000,153731670000,89650165000,243786105000,1982156120.7,1076271034.5,-0.2,71850.9,13374.1,0.9,123700,-13100,-198565000,15250,"2023-02-20T13:40:00.000Z",1676900400000,15300,15200,15250,47.5,52.5,0,0.9,1.9,,1.1,136800,260500,16352900,,3973535000,1887485000,2086050000,
131637.9,4004700,60034080000,154050045000,94015965000,248470280000,1982156120.7,1076271034.5,-4.5,71850.9,13374.1,0.1,20900,-266400,-4047425000,15150,"2023-02-20T13:42:00.000Z",1676900520000,15250,15150,15250,6.8,93.2,0,0.2,4,,13.7,287300,308200,16661100,,4684175000,318375000,4365800000,
131637.9,3969400,59500195000,155343900000,95843705000,251591875000,1982156120.7,1076271034.5,-0.6,71850.9,13374.1,0.7,85400,-35300,-533885000,15100,"2023-02-20T13:44:00.000Z",1676900640000,15200,15100,15150,41.4,58.6,0,0.6,1.7,,1.4,120700,206100,16867200,,3121595000,1293855000,1827740000,
131637.9,4087800,61294205000,157420965000,96126760000,253951995000,1982156120.7,1076271034.5,2,71850.9,13374.1,7.3,137100,118400,1794010000,15150,"2023-02-20T13:46:00.000Z",1676900760000,15150,15100,15150,88,12,0,1,0.3,,0.1,18700,155800,17023000,,2360120000,2077065000,283055000,
131637.9,4134800,62006370000,158425410000,96419040000,255248720000,1982156120.7,1076271034.5,0.8,71850.9,13374.1,3.4,66300,47000,712165000,15150,"2023-02-20T13:48:00.000Z",1676900880000,15150,15100,15150,77.5,22.5,0,0.5,0.3,,0.3,19300,85600,17108600,,1296725000,1004445000,292280000,
131637.9,4210100,63147295000,159605595000,96458300000,256468165000,1982156120.7,1076271034.5,1.3,71850.9,13374.1,30,77900,75300,1140925000,15150,"2023-02-20T13:50:00.000Z",1676901000000,15150,15100,15150,96.8,3.2,0,0.6,0,,0,2600,80500,17189100,,1219445000,1180185000,39260000,
131637.9,4366200,65512590000,162159885000,96647295000,259211450000,1982156120.7,1076271034.5,2.6,71850.9,13374.1,13.5,168600,156100,2365295000,15150,"2023-02-20T13:52:00.000Z",1676901120000,15150,15100,15150,93.1,6.9,0,1.3,0.2,,0.1,12500,181100,17370200,,2743285000,2554290000,188995000,
131637.9,4496000,67486810000,164515885000,97029075000,261949230000,1982156120.7,1076271034.5,2.2,71850.9,13374.1,6.2,155000,129800,1974220000,15200,"2023-02-20T13:54:00.000Z",1676901240000,15200,15150,15150,86,14,0,1.2,0.4,,0.2,25200,180200,17550400,,2737780000,2356000000,381780000,
131637.9,4654900,69902320000,166957210000,97054890000,264416370000,1982156120.7,1076271034.5,2.7,71850.9,13374.1,94.5,160600,158900,2415510000,15200,"2023-02-20T13:56:00.000Z",1676901360000,15250,15150,15200,99,1,0,1.2,0,,0,1700,162300,17712700,,2467140000,2441325000,25815000,
131637.9,4679700,70282065000,167806635000,97524570000,265735475000,1982156120.7,1076271034.5,0.4,71850.9,13374.1,1.8,55700,24800,379745000,15250,"2023-02-20T13:58:00.000Z",1676901480000,15250,15200,15200,64.3,35.7,0,0.4,0.4,,0.6,30900,86600,17799300,,1319105000,849425000,469680000,
131637.9,4843400,72780070000,170566440000,97786370000,268757080000,1982156120.7,1076271034.5,2.8,71850.9,13374.1,10.5,180900,163700,2498005000,15300,"2023-02-20T14:00:00.000Z",1676901600000,15300,15200,15250,91.3,8.7,0,1.4,0.2,,0.1,17200,198100,17997400,,3021605000,2759805000,261800000,
131637.9,4781200,71834290000,172865860000,101031570000,274301700000,1982156120.7,1076271034.5,-1,71850.9,13374.1,0.7,150600,-62200,-945780000,15250,"2023-02-20T14:02:00.000Z",1676901720000,15300,15250,15300,41.4,58.6,0,1.1,3,,1.4,212800,363400,18360800,,5544620000,2299420000,3245200000,
131637.9,4667500,70101700000,173344520000,103242820000,276991610000,1982156120.7,1076271034.5,-1.9,71850.9,13374.1,0.2,31300,-113700,-1732590000,15250,"2023-02-20T14:04:00.000Z",1676901840000,15300,15250,15300,17.8,82.2,0,0.2,2,,4.6,145000,176300,18537100,,2689910000,478660000,2211250000,
131637.9,4595500,69008100000,173588520000,104580420000,278573210000,1982156120.7,1076271034.5,-1.2,71850.9,13374.1,0.2,16000,-72000,-1093600000,15200,"2023-02-20T14:06:00.000Z",1676901960000,15250,15200,15250,15.4,84.6,0,0.1,1.2,,5.5,88000,104000,18641100,,1581600000,244000000,1337600000,
131637.9,4495800,67492665000,173805885000,106313220000,280523375000,1982156120.7,1076271034.5,-1.7,71850.9,13374.1,0.1,14300,-99700,-1515435000,15200,"2023-02-20T14:08:00.000Z",1676902080000,15250,15200,15200,11.1,88.9,0,0.1,1.6,,8,114000,128300,18769400,,1950165000,217365000,1732800000,
131637.9,4732300,71099855000,177635210000,106535355000,284574835000,1982156120.7,1076271034.5,4,71850.9,13374.1,17.2,251100,236500,3607190000,15300,"2023-02-20T14:10:00.000Z",1676902200000,15300,15200,15200,94.5,5.5,0,1.9,0.2,,0.1,14600,265700,19035100,,4051460000,3829325000,222135000,
131637.9,4737000,71180330000,180328010000,109147680000,289879960000,1982156120.7,1076271034.5,0.1,71850.9,13374.1,1,176000,4700,80475000,15250,"2023-02-20T14:12:00.000Z",1676902320000,15300,15250,15300,50.7,49.3,0,1.3,2.4,,1,171300,347300,19382400,,5305125000,2692800000,2612325000,
131637.9,4670100,70161875000,181095210000,110933335000,292432815000,1982156120.7,1076271034.5,-1.1,71850.9,13374.1,0.4,50200,-66900,-1018455000,15250,"2023-02-20T14:14:00.000Z",1676902440000,15300,15200,15300,30,70,0,0.4,1.6,,2.3,117100,167300,19549700,,2552855000,767200000,1785655000,
131637.9,4536600,68133670000,181398685000,113265015000,295067970000,1982156120.7,1076271034.5,-2.2,71850.9,13374.1,0.1,19900,-133500,-2028205000,15250,"2023-02-20T14:16:00.000Z",1676902560000,15250,15200,15200,11.5,88.5,0,0.2,2.1,,7.7,153400,173300,19723000,,2635155000,303475000,2331680000,
131637.9,4495000,67506630000,183009085000,115502455000,298915810000,1982156120.7,1076271034.5,-0.7,71850.9,13374.1,0.7,105600,-41600,-627040000,15250,"2023-02-20T14:18:00.000Z",1676902680000,15250,15200,15200,41.8,58.2,0,0.8,2,,1.4,147200,252800,19975800,,3847840000,1610400000,2237440000,
131637.9,4551500,68370030000,185157975000,116787945000,302350190000,1982156120.7,1076271034.5,1,71850.9,13374.1,1.7,140800,56500,863400000,15300,"2023-02-20T14:20:00.000Z",1676902800000,15300,15200,15250,62.5,37.5,0,1.1,1.2,,0.6,84300,225100,20200900,,3434380000,2148890000,1285490000,
131637.9,5274600,79459180000,196662250000,117203070000,314269590000,1982156120.7,1076271034.5,12.2,71850.9,13374.1,27.7,750200,723100,11089150000,15400,"2023-02-20T14:22:00.000Z",1676902920000,15400,15250,15300,96.5,3.5,0,5.7,0.4,,0,27100,777300,20978200,,11919400000,11504275000,415125000,
131637.9,6542500,98996465000,218470845000,119474380000,338349495000,1982156120.7,1076271034.5,21.6,71850.9,13374.1,9.6,1415400,1267900,19537285000,15450,"2023-02-20T14:24:00.000Z",1676903040000,15450,15350,15400,90.6,9.4,0,10.8,2.1,,0.1,147500,1562900,22541100,,24079905000,21808595000,2271310000,
131637.9,6719900,101741155000,222404415000,120663260000,343471945000,1982156120.7,1076271034.5,3,71850.9,13374.1,3.3,254600,177400,2744690000,15400,"2023-02-20T14:26:00.000Z",1676903160000,15450,15400,15400,76.7,23.3,0,1.9,1.1,,0.3,77200,331800,22872900,,5122450000,3933570000,1188880000,
131637.9,6935300,105082645000,229922385000,124839740000,355166395000,1982156120.7,1076271034.5,3.7,71850.9,13374.1,1.8,486600,215400,3341490000,15450,"2023-02-20T14:28:00.000Z",1676903280000,15450,15400,15400,64.2,35.8,0,3.7,3.8,,0.6,271200,757800,23630700,,11694450000,7517970000,4176480000,
131637.9,6935300,105082670000,229930110000,124847440000,355181820000,1982156120.7,1076271034.5,0,71850.9,13374.1,1,500,0,25000,15400,"2023-02-20T14:30:00.000Z",1676903400000,15450,15400,15450,50,50,0,0,0,,1,500,1000,23631700,,15425000,7725000,7700000,
131637.9,6935300,105082670000,229930110000,124847440000,378733800000,1982156120.7,1076271034.5,0,71850.9,13374.1,NaN,,0,0,15450,"2023-02-20T14:44:00.000Z",1676904240000,15450,15450,15450,0,0,100,,,114,NaN,,1524400,25156100,1524400,23551980000,,,23551980000
