"abu","acum_busd","acum_busd_val","acum_val_bu","acum_val_sd","acum_val","avg_val_bu","avg_val_sd","rbusd","asd","auk","bs","bu","bu-sd","bu-sd_val","c","date","datetime","h","l","o","pbu","psd","puk","rbu","rsd","ruk","sb","sd","sum_vol","total_vol","uk","val","val_bu","val_sd","val_uk"
57700,-112400,-382759000,234084000,616843000,1181859000,197554239.1,379474173.9,2.1,111234.8,9252.2,0.4,68800,-112400,-382759000,3400,"2023-03-10T09:15:00.000Z",1678439700000,3440,3390,3400,19.8,52.2,28,1.2,1.6,10.5,2.6,181200,347300,347300,97300,1181859000,234084000,616843000,330932000
57700,-36600,-123930000,836918000,960848000,2128698000,197554239.1,379474173.9,-1.4,111234.8,9252.2,1.7,177200,75800,258829000,3410,"2023-03-10T09:20:00.000Z",1678440000000,3420,3390,3400,63.6,36.4,0,3.1,0.9,,0.6,101400,278600,625900,,946839000,602834000,344005000,
57700,31600,110544000,1294667000,1184123000,2809722000,197554239.1,379474173.9,-1.3,111234.8,9252.2,2,133400,68200,234474000,3450,"2023-03-10T09:25:00.000Z",1678440300000,3450,3410,3420,67.2,32.8,0,2.3,0.6,,0.5,65200,198600,824500,,681024000,457749000,223275000,
57700,-168000,-576640000,1462361000,2039001000,3832294000,197554239.1,379474173.9,3.8,111234.8,9252.2,0.2,48600,-199600,-687184000,3440,"2023-03-10T09:30:00.000Z",1678440600000,3470,3440,3450,16.4,83.6,0,0.8,2.2,,5.1,248200,296800,1121300,,1022572000,167694000,854878000,
57700,-237300,-813577000,1562591000,2376168000,4274821000,197554239.1,379474173.9,1.3,111234.8,9252.2,0.3,29200,-69300,-236937000,3420,"2023-03-10T09:35:00.000Z",1678440900000,3450,3410,3440,22.6,76.2,1.2,0.5,0.9,0.2,3.4,98500,129200,1250500,1500,442527000,100230000,337167000,5130000
57700,-242300,-829922000,1880895000,2710817000,4927774000,197554239.1,379474173.9,0.1,111234.8,9252.2,0.9,92800,-5000,-16345000,3430,"2023-03-10T09:40:00.000Z",1678441200000,3430,3420,3430,48.7,51.3,0,1.6,0.9,,1.1,97800,190600,1441100,,652953000,318304000,334649000,
57700,-239900,-821513000,1950524000,2772037000,5058623000,197554239.1,379474173.9,0,111234.8,9252.2,1.1,20300,2400,8409000,3430,"2023-03-10T09:45:00.000Z",1678441500000,3430,3420,3430,53.1,46.9,0,0.4,0.2,,0.9,17900,38200,1479300,,130849000,69629000,61220000,
57700,-203500,-696563000,2108990000,2805553000,5250605000,197554239.1,379474173.9,-0.7,111234.8,9252.2,4.7,46200,36400,124950000,3420,"2023-03-10T09:50:00.000Z",1678441800000,3430,3420,3430,82.5,17.5,0,0.8,0.1,,0.2,9800,56000,1535300,,191982000,158466000,33516000,
57700,-316600,-1083475000,2174005000,3257480000,5767547000,197554239.1,379474173.9,2.1,111234.8,9252.2,0.1,19000,-113100,-386912000,3420,"2023-03-10T09:55:00.000Z",1678442100000,3430,3410,3430,12.6,87.4,0,0.3,1.2,,7,132100,151100,1686400,,516942000,65015000,451927000,
57700,-355800,-1217743000,2251456000,3469199000,6056717000,197554239.1,379474173.9,0.7,111234.8,9252.2,0.4,22600,-39200,-134268000,3430,"2023-03-10T10:00:00.000Z",1678442400000,3440,3420,3420,26.8,73.2,0,0.4,0.6,,2.7,61800,84400,1770800,,289170000,77451000,211719000,
57700,-48100,-158722000,3351637000,3510359000,7198058000,197554239.1,379474173.9,-5.8,111234.8,9252.2,26.6,319700,307700,1059021000,3460,"2023-03-10T10:05:00.000Z",1678442700000,3460,3430,3440,96.4,3.6,0,5.5,0.1,,0,12000,331700,2102500,,1141341000,1100181000,41160000,
57700,-72600,-243337000,3487650000,3730987000,7554699000,197554239.1,379474173.9,0.5,111234.8,9252.2,0.6,39200,-24500,-84615000,3460,"2023-03-10T10:10:00.000Z",1678443000000,3480,3460,3460,38.1,61.9,0,0.7,0.6,,1.6,63700,102900,2205400,,356641000,136013000,220628000,
57700,-92400,-311663000,3492840000,3804503000,7633405000,197554239.1,379474173.9,0.4,111234.8,9252.2,0.1,1500,-19800,-68326000,3450,"2023-03-10T10:15:00.000Z",1678443300000,3460,3450,3460,6.6,93.4,0,0,0.2,,14.2,21300,22800,2228200,,78706000,5190000,73516000,
57700,-135600,-460432000,3537690000,3998122000,7871874000,197554239.1,379474173.9,0.8,111234.8,9252.2,0.2,13000,-43200,-148769000,3450,"2023-03-10T10:20:00.000Z",1678443600000,3450,3440,3450,18.8,81.2,0,0.2,0.5,,4.3,56200,69200,2297400,,238469000,44850000,193619000,
57700,-75400,-252634000,3784710000,4037344000,8158116000,197554239.1,379474173.9,-1.1,111234.8,9252.2,6.3,71600,60200,207798000,3450,"2023-03-10T10:25:00.000Z",1678443900000,3450,3440,3450,86.3,13.7,0,1.2,0.1,,0.2,11400,83000,2380400,,286242000,247020000,39222000,
57700,-178000,-605157000,3807758000,4412915000,8556735000,197554239.1,379474173.9,1.9,111234.8,9252.2,0.1,6700,-102600,-352523000,3440,"2023-03-10T10:30:00.000Z",1678444200000,3450,3430,3450,5.8,94.2,0,0.1,1,,16.3,109300,116000,2496400,,398619000,23048000,375571000,
57700,-155400,-527413000,3891006000,4418419000,8645487000,197554239.1,379474173.9,-0.4,111234.8,9252.2,15.1,24200,22600,77744000,3440,"2023-03-10T10:35:00.000Z",1678444500000,3440,3440,3440,93.8,6.2,0,0.4,0,,0.1,1600,25800,2522200,,88752000,83248000,5504000,
57700,-137900,-467028000,3954831000,4421859000,8712752000,197554239.1,379474173.9,-0.3,111234.8,9252.2,18.5,18500,17500,60385000,3450,"2023-03-10T10:40:00.000Z",1678444800000,3450,3440,3450,94.9,5.1,0,0.3,0,,0.1,1000,19500,2541700,,67265000,63825000,3440000,
57700,-272100,-927737000,3970668000,4898405000,9205135000,197554239.1,379474173.9,2.5,111234.8,9252.2,0,4600,-134200,-460709000,3430,"2023-03-10T10:45:00.000Z",1678445100000,3450,3420,3450,3.2,96.8,0,0.1,1.2,,30.2,138800,143400,2685100,,492383000,15837000,476546000,
57700,-328800,-1121590000,3991591000,5113181000,9440834000,197554239.1,379474173.9,1.1,111234.8,9252.2,0.1,6100,-56700,-193853000,3430,"2023-03-10T10:50:00.000Z",1678445400000,3430,3420,3420,8.9,91.1,0,0.1,0.6,,10.3,62800,68900,2754000,,235699000,20923000,214776000,
57700,-310300,-1058085000,4103066000,5161151000,9600279000,197554239.1,379474173.9,-0.3,111234.8,9252.2,2.3,32500,18500,63505000,3430,"2023-03-10T10:55:00.000Z",1678445700000,3430,3420,3430,69.9,30.1,0,0.6,0.1,,0.4,14000,46500,2800500,,159445000,111475000,47970000,
57700,-470500,-1604732000,4163074000,5767806000,10266942000,197554239.1,379474173.9,3,111234.8,9252.2,0.1,17500,-160200,-546647000,3410,"2023-03-10T11:00:00.000Z",1678446000000,3430,3410,3430,9,91,0,0.3,1.6,,10.2,177700,195200,2995700,,666663000,60008000,606655000,
57700,-484100,-1650792000,4282740000,5933532000,10584824000,197554239.1,379474173.9,0.3,111234.8,9252.2,0.7,35000,-13600,-46060000,3410,"2023-03-10T11:05:00.000Z",1678446300000,3420,3410,3410,37.6,52.2,10.2,0.6,0.4,1,1.4,48600,93100,3088800,9500,317882000,119666000,165726000,32490000
57700,-484300,-1651426000,4299890000,5951316000,10619758000,197554239.1,379474173.9,0,111234.8,9252.2,1,5000,-200,-634000,3420,"2023-03-10T11:10:00.000Z",1678446600000,3430,3420,3420,49,51,0,0.1,0,,1,5200,10200,3099000,,34934000,17150000,17784000,
57700,-506700,-1727992000,4314296000,6042288000,10725136000,197554239.1,379474173.9,0.4,111234.8,9252.2,0.2,4200,-22400,-76566000,3420,"2023-03-10T11:15:00.000Z",1678446900000,3430,3420,3420,13.6,86.4,0,0.1,0.2,,6.3,26600,30800,3129800,,105378000,14406000,90972000,
57700,-534800,-1823671000,4359905000,6183576000,10912033000,197554239.1,379474173.9,0.5,111234.8,9252.2,0.3,13300,-28100,-95679000,3410,"2023-03-10T11:20:00.000Z",1678447200000,3430,3410,3430,24.3,75.7,0,0.2,0.4,,3.1,41400,54700,3184500,,186897000,45609000,141288000,
57700,-668700,-2280230000,4373585000,6653815000,11395952000,197554239.1,379474173.9,2.5,111234.8,9252.2,0,4000,-133900,-456559000,3410,"2023-03-10T11:25:00.000Z",1678447500000,3420,3410,3410,2.8,97.2,0,0.1,1.2,,34.5,137900,141900,3326400,,483919000,13680000,470239000,
57700,-1059500,-3608406000,4616943000,8225349000,13221756000,197554239.1,379474173.9,7.3,111234.8,9252.2,0.2,71400,-390800,-1328176000,3400,"2023-03-10T13:00:00.000Z",1678453200000,3420,3390,3410,13.3,86.1,0.6,1.2,4.2,0.3,6.5,462200,536800,3863200,3200,1825804000,243358000,1571534000,10912000
57700,-954600,-3251239000,5060525000,8311764000,13751753000,197554239.1,379474173.9,-2,111234.8,9252.2,5.1,130300,104900,357167000,3420,"2023-03-10T13:05:00.000Z",1678453500000,3420,3390,3400,83.7,16.3,0,2.3,0.2,,0.2,25400,155700,4018900,,529997000,443582000,86415000,
57700,-989200,-3368960000,5151155000,8520115000,14050734000,197554239.1,379474173.9,0.6,111234.8,9252.2,0.4,26500,-34600,-117721000,3410,"2023-03-10T13:10:00.000Z",1678453800000,3420,3410,3410,30.3,69.7,0,0.5,0.5,,2.3,61100,87600,4106500,,298981000,90630000,208351000,
57700,-998600,-3400780000,5379966000,8780746000,14540176000,197554239.1,379474173.9,0.2,111234.8,9252.2,0.9,67100,-9400,-31820000,3410,"2023-03-10T13:15:00.000Z",1678454100000,3410,3400,3410,46.7,53.3,0,1.2,0.7,,1.1,76500,143600,4250100,,489442000,228811000,260631000,
57700,-1027500,-3498775000,5604915000,9103690000,15088069000,197554239.1,379474173.9,0.5,111234.8,9252.2,0.7,65900,-28900,-97995000,3420,"2023-03-10T13:20:00.000Z",1678454400000,3420,3400,3410,41,59,0,1.1,0.9,,1.4,94800,160700,4410800,,547893000,224949000,322944000,
57700,-928800,-3160666000,6077693000,9238359000,15695516000,197554239.1,379474173.9,-1.9,111234.8,9252.2,3.5,138000,98700,338109000,3430,"2023-03-10T13:25:00.000Z",1678454700000,3440,3420,3420,77.8,22.2,0,2.4,0.4,,0.3,39300,177300,4588100,,607447000,472778000,134669000,
57700,-1038400,-3534709000,6172613000,9707322000,16259399000,197554239.1,379474173.9,2.1,111234.8,9252.2,0.2,27700,-109600,-374043000,3410,"2023-03-10T13:30:00.000Z",1678455000000,3430,3410,3430,16.8,83.2,0,0.5,1.2,,5,137300,165000,4753100,,563883000,94920000,468963000,
57700,-1026300,-3493061000,6304967000,9798028000,16482459000,197554239.1,379474173.9,-0.2,111234.8,9252.2,1.5,38700,12100,41648000,3420,"2023-03-10T13:35:00.000Z",1678455300000,3420,3410,3410,59.3,40.7,0,0.7,0.2,,0.7,26600,65300,4818400,,223060000,132354000,90706000,
57700,-952700,-3240262000,6759924000,10000186000,17139574000,197554239.1,379474173.9,-1.4,111234.8,9252.2,2.2,132800,73600,252799000,3430,"2023-03-10T13:40:00.000Z",1678455600000,3430,3410,3420,69.2,30.8,0,2.3,0.5,,0.4,59200,192000,5010400,,657115000,454957000,202158000,
57700,-869500,-2954664000,7085653000,10040317000,17561000000,197554239.1,379474173.9,-1.6,111234.8,9252.2,8.1,94900,83200,285598000,3430,"2023-03-10T13:45:00.000Z",1678455900000,3440,3430,3430,77.3,9.5,13.2,1.6,0.1,1.8,0.1,11700,122800,5133200,16200,421426000,325729000,40131000,55566000
57700,-823800,-2797494000,7424890000,10222384000,18082304000,197554239.1,379474173.9,-0.9,111234.8,9252.2,1.9,98900,45700,157170000,3430,"2023-03-10T13:50:00.000Z",1678456200000,3440,3420,3420,65,35,0,1.7,0.5,,0.5,53200,152100,5285300,,521304000,339237000,182067000,
57700,-819000,-2781004000,7519584000,10300588000,18255202000,197554239.1,379474173.9,-0.1,111234.8,9252.2,1.2,27600,4800,16490000,3430,"2023-03-10T13:55:00.000Z",1678456500000,3440,3430,3430,54.8,45.2,0,0.5,0.2,,0.8,22800,50400,5335700,,172898000,94694000,78204000,
57700,-818300,-2778387000,7679638000,10458025000,18572693000,197554239.1,379474173.9,0,111234.8,9252.2,1,46600,700,2617000,3440,"2023-03-10T14:00:00.000Z",1678456800000,3440,3430,3440,50.4,49.6,0,0.8,0.4,,1,45900,92500,5428200,,317491000,160054000,157437000,
57700,-805400,-2733686000,7913306000,10646992000,18995328000,197554239.1,379474173.9,-0.2,111234.8,9252.2,1.2,67900,12900,44701000,3440,"2023-03-10T14:05:00.000Z",1678457100000,3450,3430,3440,55.2,44.8,0,1.2,0.5,,0.8,55000,122900,5551100,,422635000,233668000,188967000,
57700,-1461300,-4969448000,8053492000,13022940000,21511462000,197554239.1,379474173.9,12.3,111234.8,9252.2,0.1,41100,-655900,-2235762000,3400,"2023-03-10T14:10:00.000Z",1678457400000,3440,3400,3440,5.6,94.4,0,0.7,6.3,,17,697000,738100,6289200,,2516134000,140186000,2375948000,
57700,-1819500,-6188253000,8233602000,14421855000,23091169000,197554239.1,379474173.9,6.7,111234.8,9252.2,0.1,52900,-358200,-1218805000,3410,"2023-03-10T14:15:00.000Z",1678457700000,3410,3390,3400,11.4,88.6,0,0.9,3.7,0,7.8,411100,464200,6753400,200,1579707000,180110000,1398915000,682000
57700,-2338900,-7949998000,8528742000,16478740000,25443194000,197554239.1,379474173.9,9.7,111234.8,9252.2,0.1,86800,-519400,-1761745000,3380,"2023-03-10T14:20:00.000Z",1678458000000,3410,3380,3410,12.5,87.5,0,1.5,5.4,,7,606200,693000,7446400,,2352025000,295140000,2056885000,
57700,-2462600,-8368317000,9087495000,17455812000,26979019000,197554239.1,379474173.9,2.3,111234.8,9252.2,0.6,164400,-123700,-418319000,3400,"2023-03-10T14:25:00.000Z",1678458300000,3410,3380,3390,36.3,63.7,0,2.8,2.6,,1.8,288100,452500,7898900,,1535825000,558753000,977072000,
57700,-2462600,-8368317000,9087495000,17455812000,27991199000,197554239.1,379474173.9,0,111234.8,9252.2,NaN,,0,0,3400,"2023-03-10T14:45:00.000Z",1678459500000,3400,3400,3400,0,0,100,,,32.2,NaN,,297700,8196600,297700,1012180000,,,1012180000
