"abu","acum_busd","acum_busd_val","acum_val_bu","acum_val_sd","acum_val","avg_val_bu","avg_val_sd","rbusd","asd","auk","bs","bu","bu-sd","bu-sd_val","c","date","datetime","h","l","o","pbu","psd","puk","rbu","rsd","ruk","sb","sd","sum_vol","total_vol","uk","val","val_bu","val_sd","val_uk"
82563,180500,2698945000,3253120000,554175000,3807295000,1237678260.9,1962512173.9,-3.7,131108.7,14691.3,5.9,217600,180500,2698945000,14950,"2023-03-16T09:15:00.000Z",1678958100000,14950,14900,14950,85.4,14.6,0,2.6,0.3,,0.2,37100,254700,254700,,3807295000,3253120000,554175000,
82563,130800,1956720000,3709095000,1752375000,5461470000,1237678260.9,1962512173.9,1,131108.7,14691.3,0.4,30500,-49700,-742225000,14950,"2023-03-16T09:20:00.000Z",1678958400000,14950,14900,14950,27.6,72.4,0,0.4,0.6,,2.6,80200,110700,365400,,1654175000,455975000,1198200000,
82563,-8200,-113580000,4056875000,4170455000,8227330000,1237678260.9,1962512173.9,2.9,131108.7,14691.3,0.1,23300,-139000,-2070300000,14900,"2023-03-16T09:25:00.000Z",1678958700000,14950,14850,14900,12.6,87.4,0,0.3,1.2,,7,162300,185600,551000,,2765860000,347780000,2418080000,
82563,-53900,-794000000,4209365000,5003365000,9212730000,1237678260.9,1962512173.9,0.9,131108.7,14691.3,0.2,10200,-45700,-680420000,14950,"2023-03-16T09:30:00.000Z",1678959000000,14950,14900,14900,15.4,84.6,0,0.1,0.4,,5.5,55900,66100,617100,,985400000,152490000,832910000,
82563,-115300,-1711140000,5173645000,6884785000,12058430000,1237678260.9,1962512173.9,1.3,131108.7,14691.3,0.5,64500,-61400,-917140000,15000,"2023-03-16T09:35:00.000Z",1678959300000,15000,14900,14900,33.9,66.1,0,0.8,1,,2,125900,190400,807500,,2845700000,964280000,1881420000,
82563,-140400,-2085825000,5341645000,7427470000,12769115000,1237678260.9,1962512173.9,0.5,131108.7,14691.3,0.3,11200,-25100,-374685000,14950,"2023-03-16T09:40:00.000Z",1678959600000,15000,14950,15000,23.6,76.4,0,0.1,0.3,,3.2,36300,47500,855000,,710685000,168000000,542685000,
82563,36200,567955000,9424645000,8856690000,18281335000,1237678260.9,1962512173.9,-3.7,131108.7,14691.3,2.8,272200,176600,2653780000,14950,"2023-03-16T09:45:00.000Z",1678959900000,15000,14950,14950,74,26,0,3.3,0.7,,0.4,95600,367800,1222800,,5512220000,4083000000,1429220000,
82563,319600,4819020000,13867645000,9048625000,22916270000,1237678260.9,1962512173.9,-5.9,131108.7,14691.3,23.1,296200,283400,4251065000,15000,"2023-03-16T09:50:00.000Z",1678960200000,15000,14950,15000,95.9,4.1,0,3.6,0.1,,0,12800,309000,1531800,,4634935000,4443000000,191935000,
82563,387100,5831525000,16185150000,10353625000,26538775000,1237678260.9,1962512173.9,-1.4,131108.7,14691.3,1.8,154500,67500,1012505000,15050,"2023-03-16T09:55:00.000Z",1678960500000,15050,15000,15000,64,36,0,1.9,0.7,,0.6,87000,241500,1773300,,3622505000,2317505000,1305000000,
82563,105600,1609085000,16188160000,14579075000,30767235000,1237678260.9,1962512173.9,5.8,131108.7,14691.3,0,200,-281500,-4222440000,14950,"2023-03-16T10:00:00.000Z",1678960800000,15050,14950,15000,0.1,99.9,0,0,2.1,,1408.5,281700,281900,2055200,,4228460000,3010000,4225450000,
82563,235600,3562060000,20071660000,16509600000,36581260000,1237678260.9,1962512173.9,-2.7,131108.7,14691.3,2,258900,130000,1952975000,15000,"2023-03-16T10:05:00.000Z",1678961100000,15000,14950,14950,66.8,33.2,0,3.1,1,,0.5,128900,387800,2443000,,5814025000,3883500000,1930525000,
82563,135300,2057625000,20091160000,18033535000,38124695000,1237678260.9,1962512173.9,2.1,131108.7,14691.3,0,1300,-100300,-1504435000,14950,"2023-03-16T10:10:00.000Z",1678961400000,15000,14950,15000,1.3,98.7,0,0,0.8,,78.2,101600,102900,2545900,,1543435000,19500000,1523935000,
82563,293700,4433965000,23892450000,19458485000,43350935000,1237678260.9,1962512173.9,-3.3,131108.7,14691.3,2.7,253400,158400,2376340000,15000,"2023-03-16T10:15:00.000Z",1678961700000,15050,14950,14950,72.7,27.3,0,3.1,0.7,,0.4,95000,348400,2894300,,5226240000,3801290000,1424950000,
82563,147300,2237970000,24033455000,21795485000,45828940000,1237678260.9,1962512173.9,3,131108.7,14691.3,0.1,9400,-146400,-2195995000,15000,"2023-03-16T10:20:00.000Z",1678962000000,15050,15000,15000,5.7,94.3,0,0.1,1.2,,16.6,155800,165200,3059500,,2478005000,141005000,2337000000,
82563,164300,2493250000,25141955000,22648705000,47790660000,1237678260.9,1962512173.9,-0.4,131108.7,14691.3,1.3,73900,17000,255280000,15000,"2023-03-16T10:25:00.000Z",1678962300000,15000,14950,15000,56.5,43.5,0,0.9,0.4,,0.8,56900,130800,3190300,,1961720000,1108500000,853220000,
82563,166500,2526250000,26205455000,23679205000,49884660000,1237678260.9,1962512173.9,0,131108.7,14691.3,1,70900,2200,33000000,15000,"2023-03-16T10:30:00.000Z",1678962600000,15000,15000,15000,50.8,49.2,0,0.9,0.5,,1,68700,139600,3329900,,2094000000,1063500000,1030500000,
82563,311600,4702850000,28741955000,24039105000,52781060000,1237678260.9,1962512173.9,-3,131108.7,14691.3,7,169100,145100,2176600000,15000,"2023-03-16T10:35:00.000Z",1678962900000,15000,14950,15000,87.6,12.4,0,2,0.2,,0.1,24000,193100,3523000,,2896400000,2536500000,359900000,
82563,339700,5124730000,29277455000,24152725000,53430180000,1237678260.9,1962512173.9,-0.6,131108.7,14691.3,4.7,35700,28100,421880000,14950,"2023-03-16T10:40:00.000Z",1678963200000,15000,14950,15000,82.4,17.6,0,0.4,0.1,,0.2,7600,43300,3566300,,649120000,535500000,113620000,
82563,204200,3099010000,29316330000,26217320000,55533650000,1237678260.9,1962512173.9,2.8,131108.7,14691.3,0,2600,-135500,-2025720000,14950,"2023-03-16T10:45:00.000Z",1678963500000,15000,14950,14950,1.8,98.2,0,0,1.1,,53.1,138100,140700,3707000,,2103470000,38875000,2064595000,
82563,216000,3275745000,29622805000,26347060000,55969865000,1237678260.9,1962512173.9,-0.2,131108.7,14691.3,2.4,20500,11800,176735000,14950,"2023-03-16T10:50:00.000Z",1678963800000,14950,14900,14950,70.2,29.8,0,0.2,0.1,,0.4,8700,29200,3736200,,436215000,306475000,129740000,
82563,122800,1887690000,29809680000,27921990000,57731670000,1237678260.9,1962512173.9,1.9,131108.7,14691.3,0.1,12500,-93200,-1388055000,14900,"2023-03-16T10:55:00.000Z",1678964100000,14950,14900,14950,10.6,89.4,0,0.2,0.8,,8.5,105700,118200,3854400,,1761805000,186875000,1574930000,
82563,132500,2033040000,30128450000,28095410000,58386815000,1237678260.9,1962512173.9,-0.2,131108.7,14691.3,1.8,21300,9700,145350000,14950,"2023-03-16T11:00:00.000Z",1678964400000,15000,14950,14950,48.6,26.5,24.9,0.3,0.1,0.7,0.5,11600,43800,3898200,10900,655145000,318770000,173420000,162955000
82563,31600,524585000,30242070000,29717485000,60122510000,1237678260.9,1962512173.9,2.1,131108.7,14691.3,0.1,7600,-100900,-1508455000,14950,"2023-03-16T11:05:00.000Z",1678964700000,14950,14950,14950,6.5,93.5,0,0.1,0.8,,14.3,108500,116100,4014300,,1735695000,113620000,1622075000,
82563,-66400,-940515000,30530605000,31471120000,62164680000,1237678260.9,1962512173.9,2,131108.7,14691.3,0.2,19300,-98000,-1465100000,14950,"2023-03-16T11:10:00.000Z",1678965000000,14950,14950,14950,14.1,85.9,0,0.2,0.9,,6.1,117300,136600,4150900,,2042170000,288535000,1753635000,
82563,-85300,-1223070000,30792230000,32015300000,62970485000,1237678260.9,1962512173.9,0.4,131108.7,14691.3,0.5,17500,-18900,-282555000,14950,"2023-03-16T11:15:00.000Z",1678965300000,14950,14950,14950,32.5,67.5,0,0.2,0.3,,2.1,36400,53900,4204800,,805805000,261625000,544180000,
82563,-146200,-2133460000,30811730000,32945190000,63919875000,1237678260.9,1962512173.9,1.3,131108.7,14691.3,0,1300,-60900,-910390000,15000,"2023-03-16T11:20:00.000Z",1678965600000,15000,14950,14950,2,98,0,0,0.5,,47.8,62200,63500,4268300,,949390000,19500000,929890000,
82563,-194600,-2856410000,31000730000,33857140000,65020825000,1237678260.9,1962512173.9,1,131108.7,14691.3,0.2,12600,-48400,-722950000,15000,"2023-03-16T11:25:00.000Z",1678965900000,15000,14950,14950,17.1,82.9,0,0.2,0.5,,4.8,61000,73600,4341900,,1100950000,189000000,911950000,
82563,-249600,-3675450000,31963725000,35639175000,67765855000,1237678260.9,1962512173.9,1.1,131108.7,14691.3,0.5,64200,-55000,-819040000,14950,"2023-03-16T13:00:00.000Z",1678971600000,15000,14900,14950,35,65,0,0.8,0.9,,1.9,119200,183400,4525300,,2745030000,962995000,1782035000,
82563,-50500,-688920000,37273730000,37962650000,75399335000,1237678260.9,1962512173.9,-4.1,131108.7,14691.3,2.3,354000,199100,2986530000,15000,"2023-03-16T13:05:00.000Z",1678971900000,15050,14950,14950,69.6,30.4,0,4.3,1.2,,0.4,154900,508900,5034200,,7633480000,5310005000,2323475000,
82563,-45000,-606415000,39579230000,40185645000,79927830000,1237678260.9,1962512173.9,-0.1,131108.7,14691.3,1,153700,5500,82505000,15000,"2023-03-16T13:10:00.000Z",1678972200000,15000,14950,15000,50.9,49.1,0,1.9,1.1,,1,148200,301900,5336100,,4528495000,2305500000,2222995000,
82563,-108600,-1560390000,39586755000,41147145000,80896855000,1237678260.9,1962512173.9,1.3,131108.7,14691.3,0,500,-63600,-953975000,15000,"2023-03-16T13:15:00.000Z",1678972500000,15050,15000,15000,0.8,99.2,0,0,0.5,,128.2,64100,64600,5400700,,969025000,7525000,961500000,
82563,-238000,-3501380000,39774265000,43275645000,83212865000,1237678260.9,1962512173.9,2.7,131108.7,14691.3,0.1,12500,-129400,-1940990000,15000,"2023-03-16T13:20:00.000Z",1678972800000,15050,15000,15000,8.1,91.9,0,0.2,1.1,,11.4,141900,154400,5555100,,2316010000,187510000,2128500000,
82563,-394100,-5842870000,42114275000,47957145000,90234375000,1237678260.9,1962512173.9,3.2,131108.7,14691.3,0.5,156000,-156100,-2341490000,15000,"2023-03-16T13:25:00.000Z",1678973100000,15050,15000,15000,33.3,66.7,0,1.9,2.4,,2,312100,468100,6023200,,7021510000,2340010000,4681500000,
82563,-938200,-14004370000,43053275000,57057645000,100273875000,1237678260.9,1962512173.9,11.3,131108.7,14691.3,0.1,62600,-544100,-8161500000,15000,"2023-03-16T13:30:00.000Z",1678973400000,15000,15000,15000,9.4,90.6,0,0.8,4.6,,9.7,606700,669300,6692500,,10039500000,939000000,9100500000,
82563,-1088400,-16257045000,43248600000,59505645000,102917200000,1237678260.9,1962512173.9,3.1,131108.7,14691.3,0.1,13000,-150200,-2252675000,15000,"2023-03-16T13:35:00.000Z",1678973700000,15050,15000,15000,7.4,92.6,0,0.2,1.2,,12.6,163200,176200,6868700,,2643325000,195325000,2448000000,
82563,-1266400,-18926945000,43278700000,62205645000,105647300000,1237678260.9,1962512173.9,3.7,131108.7,14691.3,0,2000,-178000,-2669900000,15000,"2023-03-16T13:40:00.000Z",1678974000000,15050,15000,15000,1.1,98.9,0,0,1.4,,90,180000,182000,7050700,,2730100000,30100000,2700000000,
82563,-1474100,-22042425000,43776720000,65819145000,109758820000,1237678260.9,1962512173.9,4.3,131108.7,14691.3,0.1,33200,-207700,-3115480000,15000,"2023-03-16T13:45:00.000Z",1678974300000,15050,15000,15000,12.1,87.9,0,0.4,1.8,,7.3,240900,274100,7324800,,4111520000,498020000,3613500000,
82563,-1618300,-24203705000,44144770000,68348475000,112656200000,1237678260.9,1962512173.9,3,131108.7,14691.3,0.1,24500,-144200,-2161280000,15000,"2023-03-16T13:50:00.000Z",1678974600000,15050,14950,15000,12.7,87.3,0,0.3,1.3,,6.9,168700,193200,7518000,,2897380000,368050000,2529330000,
82563,-1527200,-22837140000,45530770000,68367910000,114061635000,1237678260.9,1962512173.9,-1.9,131108.7,14691.3,71.1,92400,91100,1366565000,15000,"2023-03-16T13:55:00.000Z",1678974900000,15000,14950,15000,98.6,1.4,0,1.1,0,,0,1300,93700,7611700,,1405435000,1386000000,19435000,
82563,-1310300,-19583370000,52565770000,72149140000,124877865000,1237678260.9,1962512173.9,-4.5,131108.7,14691.3,1.9,469000,216900,3253770000,15000,"2023-03-16T14:00:00.000Z",1678975200000,15000,14950,15000,65,35,0,5.7,1.9,,0.5,252100,721100,8332800,,10816230000,7035000000,3781230000,
82563,-1462000,-21858580000,52601810000,74460390000,127225155000,1237678260.9,1962512173.9,3.1,131108.7,14691.3,0,2400,-151700,-2275210000,14950,"2023-03-16T14:05:00.000Z",1678975500000,15050,14950,15000,1.5,98.5,0,0,1.2,,64.2,154100,156500,8489300,,2347290000,36040000,2311250000,
82563,-1474400,-22043880000,52625810000,74669690000,127458455000,1237678260.9,1962512173.9,0.3,131108.7,14691.3,0.1,1600,-12400,-185300000,15000,"2023-03-16T14:10:00.000Z",1678975800000,15000,14950,14950,10.3,89.7,0,0,0.1,,8.8,14000,15600,8504900,,233300000,24000000,209300000,
82563,-1546800,-23122660000,56522555000,79645215000,136330725000,1237678260.9,1962512173.9,1.5,131108.7,14691.3,0.8,260600,-72400,-1078780000,14950,"2023-03-16T14:15:00.000Z",1678976100000,15000,14900,15000,43.9,56.1,0,3.2,2.5,,1.3,333000,593600,9098500,,8872270000,3896745000,4975525000,
82563,-1849800,-27636820000,56742320000,84379140000,141284415000,1237678260.9,1962512173.9,6.2,131108.7,14691.3,0,14700,-303000,-4514160000,14950,"2023-03-16T14:20:00.000Z",1678976400000,14950,14900,14950,4.4,95.6,0,0.2,2.4,,21.6,317700,332400,9430900,,4953690000,219765000,4733925000,
82563,-2233100,-33342360000,56933200000,90275560000,147371715000,1237678260.9,1962512173.9,7.9,131108.7,14691.3,0,12800,-383300,-5705540000,14850,"2023-03-16T14:25:00.000Z",1678976700000,14950,14850,14900,3.1,96.9,0,0.2,3,,30.9,396100,408900,9839800,,6087300000,190880000,5896420000,
82563,-2233100,-33342360000,56933200000,90275560000,157245480000,1237678260.9,1962512173.9,0,131108.7,14691.3,NaN,,0,0,14850,"2023-03-16T14:45:00.000Z",1678977900000,14850,14850,14850,0,0,100,,,45.3,NaN,,664900,10504700,664900,9873765000,,,9873765000
