"abu","acum_busd","acum_busd_val","acum_val_bu","acum_val_sd","acum_val","avg_val_bu","avg_val_sd","rbusd","asd","auk","bs","bu","bu-sd","bu-sd_val","c","date","datetime","h","l","o","pbu","psd","puk","rbu","rsd","ruk","sb","sd","sum_vol","total_vol","uk","val","val_bu","val_sd","val_uk"
68002.2,-133900,-1784745000,755760000,2540505000,7061665000,904676521.7,1483979456.5,3.1,111823.9,23765.2,0.3,56400,-133900,-1784745000,13350,"2023-03-16T09:15:00.000Z",1678958100000,13400,13350,13400,10.7,36.1,53.2,0.8,1.7,11.8,3.4,190300,527700,527700,281000,7061665000,755760000,2540505000,3765400000
68002.2,-208700,-2781770000,1225890000,4007660000,8998950000,904676521.7,1483979456.5,1.7,111823.9,23765.2,0.3,35100,-74800,-997025000,13400,"2023-03-16T09:20:00.000Z",1678958400000,13400,13300,13350,24.2,75.8,0,0.5,1,,3.1,109900,145000,672700,,1937285000,470130000,1467155000,
68002.2,-514200,-6849135000,1939140000,8788275000,14492815000,904676521.7,1483979456.5,7,111823.9,23765.2,0.1,53400,-305500,-4067365000,13300,"2023-03-16T09:25:00.000Z",1678958700000,13400,13300,13400,13,87,0,0.8,3.2,,6.7,358900,412300,1085000,,5493865000,713250000,4780615000,
68002.2,-573300,-7633215000,2459790000,10093005000,16318195000,904676521.7,1483979456.5,1.4,111823.9,23765.2,0.4,39000,-59100,-784080000,13300,"2023-03-16T09:30:00.000Z",1678959000000,13350,13300,13350,28.4,71.6,0,0.6,0.9,,2.5,98100,137100,1222100,,1825380000,520650000,1304730000,
68002.2,-513500,-6833225000,3842875000,10676100000,18284375000,904676521.7,1483979456.5,-1.4,111823.9,23765.2,2.4,103600,59800,799990000,13400,"2023-03-16T09:35:00.000Z",1678959300000,13400,13300,13300,70.3,29.7,0,1.5,0.4,,0.4,43800,147400,1369500,,1966180000,1383085000,583095000,
68002.2,-587900,-7826255000,3899155000,11725410000,19389965000,904676521.7,1483979456.5,1.7,111823.9,23765.2,0.1,4200,-74400,-993030000,13350,"2023-03-16T09:40:00.000Z",1678959600000,13400,13350,13350,5.1,94.9,0,0.1,0.7,,18.7,78600,82800,1452300,,1105590000,56280000,1049310000,
68002.2,-645000,-8588370000,3944715000,12533085000,20243200000,904676521.7,1483979456.5,1.3,111823.9,23765.2,0.1,3400,-57100,-762115000,13400,"2023-03-16T09:45:00.000Z",1678959900000,13400,13350,13350,5.3,94.7,0,0,0.5,,17.8,60500,63900,1516200,,853235000,45560000,807675000,
68002.2,-695600,-9263875000,3946055000,13209930000,20921385000,904676521.7,1483979456.5,1.2,111823.9,23765.2,0,100,-50600,-675505000,13350,"2023-03-16T09:50:00.000Z",1678960200000,13400,13350,13350,0.2,99.8,0,0,0.5,,507,50700,50800,1567000,,678185000,1340000,676845000,
68002.2,-786800,-10480935000,4069335000,14550270000,22385005000,904676521.7,1483979456.5,2.1,111823.9,23765.2,0.1,9200,-91200,-1217060000,13350,"2023-03-16T09:55:00.000Z",1678960500000,13400,13350,13400,8.4,91.6,0,0.1,0.9,,10.9,100400,109600,1676600,,1463620000,123280000,1340340000,
68002.2,-872000,-11618350000,4639385000,16257735000,24662520000,904676521.7,1483979456.5,2,111823.9,23765.2,0.3,42700,-85200,-1137415000,13350,"2023-03-16T10:00:00.000Z",1678960800000,13400,13350,13400,25,75,0,0.6,1.1,,3,127900,170600,1847200,,2277515000,570050000,1707465000,
68002.2,-1026200,-13668345000,4870340000,18538685000,27174425000,904676521.7,1483979456.5,3.5,111823.9,23765.2,0.1,17300,-154200,-2049995000,13300,"2023-03-16T10:05:00.000Z",1678961100000,13350,13300,13350,9.2,90.8,0,0.3,1.5,,9.9,171500,188800,2036000,,2511905000,230955000,2280950000,
68002.2,-1173800,-15630050000,5186920000,20816970000,29769290000,904676521.7,1483979456.5,3.4,111823.9,23765.2,0.1,23800,-147600,-1961705000,13300,"2023-03-16T10:10:00.000Z",1678961400000,13350,13250,13300,12.2,87.8,0,0.3,1.5,,7.2,171400,195200,2231200,,2594865000,316580000,2278285000,
68002.2,-1212400,-16143080000,5672370000,21815450000,31253220000,904676521.7,1483979456.5,0.9,111823.9,23765.2,0.5,36500,-38600,-513030000,13250,"2023-03-16T10:15:00.000Z",1678961700000,13300,13250,13300,32.7,67.3,0,0.5,0.7,,2.1,75100,111600,2342800,,1483930000,485450000,998480000,
68002.2,-1261600,-16794170000,5887830000,22682000000,32335230000,904676521.7,1483979456.5,1.1,111823.9,23765.2,0.2,16200,-49200,-651090000,13250,"2023-03-16T10:20:00.000Z",1678962000000,13300,13250,13300,19.9,80.1,0,0.2,0.6,,4,65400,81600,2424400,,1082010000,215460000,866550000,
68002.2,-1263500,-16818560000,6096640000,22915200000,32777240000,904676521.7,1483979456.5,0,111823.9,23765.2,0.9,15700,-1900,-24390000,13250,"2023-03-16T10:25:00.000Z",1678962300000,13300,13250,13250,47.1,52.9,0,0.2,0.2,,1.1,17600,33300,2457700,,442010000,208810000,233200000,
68002.2,-1265100,-16838745000,6366630000,23205375000,33337405000,904676521.7,1483979456.5,0,111823.9,23765.2,0.9,20300,-1600,-20185000,13300,"2023-03-16T10:30:00.000Z",1678962600000,13300,13250,13250,48.1,51.9,0,0.3,0.2,,1.1,21900,42200,2499900,,560165000,269990000,290175000,
68002.2,-1315400,-17504970000,6433130000,23938100000,34136630000,904676521.7,1483979456.5,1.2,111823.9,23765.2,0.1,5000,-50300,-666225000,13250,"2023-03-16T10:35:00.000Z",1678962900000,13300,13250,13300,8.3,91.7,0,0.1,0.5,,11.1,55300,60300,2560200,,799225000,66500000,732725000,
68002.2,-1419600,-18885370000,6549980000,25435350000,35750730000,904676521.7,1483979456.5,2.4,111823.9,23765.2,0.1,8800,-104200,-1380400000,13250,"2023-03-16T10:40:00.000Z",1678963200000,13300,13250,13250,7.2,92.8,0,0.1,1,,12.8,113000,121800,2682000,,1614100000,116850000,1497250000,
68002.2,-1461300,-19436205000,6711630000,26147835000,36624865000,904676521.7,1483979456.5,1,111823.9,23765.2,0.2,12200,-41700,-550835000,13250,"2023-03-16T10:45:00.000Z",1678963500000,13250,13200,13250,18.5,81.5,0,0.2,0.5,,4.4,53900,66100,2748100,,874135000,161650000,712485000,
68002.2,-1604600,-21326895000,6942180000,28269075000,38976655000,904676521.7,1483979456.5,3.3,111823.9,23765.2,0.1,17400,-143300,-1890690000,13200,"2023-03-16T10:50:00.000Z",1678963800000,13250,13200,13200,9.8,90.2,0,0.3,1.4,,9.2,160700,178100,2926200,,2351790000,230550000,2121240000,
68002.2,-1558600,-20717320000,7949255000,28666575000,40381230000,904676521.7,1483979456.5,-1.1,111823.9,23765.2,2.5,76000,46000,609575000,13250,"2023-03-16T10:55:00.000Z",1678964100000,13300,13250,13250,71.7,28.3,0,1.1,0.3,,0.4,30000,106000,3032200,,1404575000,1007075000,397500000,
68002.2,-1580700,-21010145000,8181130000,29191275000,41137805000,904676521.7,1483979456.5,0.5,111823.9,23765.2,0.4,17500,-22100,-292825000,13250,"2023-03-16T11:00:00.000Z",1678964400000,13250,13250,13250,30.6,69.4,0,0.3,0.4,,2.3,39600,57100,3089300,,756575000,231875000,524700000,
68002.2,-1575300,-20938305000,8329530000,29267835000,41362765000,904676521.7,1483979456.5,-0.1,111823.9,23765.2,1.9,11200,5400,71840000,13250,"2023-03-16T11:05:00.000Z",1678964700000,13250,13200,13200,65.9,34.1,0,0.2,0.1,,0.5,5800,17000,3106300,,224960000,148400000,76560000,
68002.2,-1797000,-23864740000,8330855000,32195595000,44291850000,904676521.7,1483979456.5,5.1,111823.9,23765.2,0,100,-221700,-2926435000,13200,"2023-03-16T11:10:00.000Z",1678965000000,13250,13200,13200,0,100,0,0,2,,2218,221800,221900,3328200,,2929085000,1325000,2927760000,
68002.2,-1771700,-23530740000,8915615000,32446355000,45127370000,904676521.7,1483979456.5,-0.6,111823.9,23765.2,2.3,44300,25300,334000000,13200,"2023-03-16T11:15:00.000Z",1678965300000,13200,13150,13200,70,30,0,0.7,0.2,,0.4,19000,63300,3391500,,835520000,584760000,250760000,
68002.2,-1786900,-23726070000,10216510000,33942580000,47924490000,904676521.7,1483979456.5,0.3,111823.9,23765.2,0.9,98500,-15200,-195330000,13250,"2023-03-16T11:20:00.000Z",1678965600000,13250,13150,13200,46.4,53.6,0,1.4,1,,1.2,113700,212200,3603700,,2797120000,1300895000,1496225000,
68002.2,-1705600,-22648705000,11671400000,34320105000,49756905000,904676521.7,1483979456.5,-1.9,111823.9,23765.2,3.9,109800,81300,1077365000,13250,"2023-03-16T11:25:00.000Z",1678965900000,13300,13200,13250,79.4,20.6,0,1.6,0.3,,0.3,28500,138300,3742000,,1832415000,1454890000,377525000,
68002.2,-1685900,-22386045000,13996785000,36382830000,54158265000,904676521.7,1483979456.5,-0.5,111823.9,23765.2,1.1,175500,19700,262660000,13250,"2023-03-16T13:00:00.000Z",1678971600000,13300,13200,13200,52.8,46.9,0.3,2.6,1.4,0,0.9,155800,332300,4074300,1000,4401360000,2325385000,2062725000,13250000
68002.2,-1765200,-23435920000,14587260000,38023180000,56389090000,904676521.7,1483979456.5,1.8,111823.9,23765.2,0.4,44500,-79300,-1049875000,13300,"2023-03-16T13:05:00.000Z",1678971900000,13300,13250,13250,26.4,73.6,0,0.7,1.1,,2.8,123800,168300,4242600,,2230825000,590475000,1640350000,
68002.2,-1821600,-24182465000,14908665000,39091130000,57778445000,904676521.7,1483979456.5,1.3,111823.9,23765.2,0.3,24200,-56400,-746545000,13250,"2023-03-16T13:10:00.000Z",1678972200000,13300,13250,13300,23.1,76.9,0,0.4,0.7,,3.3,80600,104800,4347400,,1389355000,321405000,1067950000,
68002.2,-1816800,-24117835000,15182645000,39300480000,58261775000,904676521.7,1483979456.5,-0.1,111823.9,23765.2,1.3,20600,4800,64630000,13300,"2023-03-16T13:15:00.000Z",1678972500000,13300,13250,13300,56.6,43.4,0,0.3,0.1,,0.8,15800,36400,4383800,,483330000,273980000,209350000,
68002.2,-1891200,-25103595000,15193285000,40296880000,59268815000,904676521.7,1483979456.5,1.7,111823.9,23765.2,0,800,-74400,-985760000,13300,"2023-03-16T13:20:00.000Z",1678972800000,13300,13250,13250,1.1,98.9,0,0,0.7,,94,75200,76000,4459800,,1007040000,10640000,996400000,
68002.2,-2026100,-26889725000,15849130000,42738855000,62366635000,904676521.7,1483979456.5,3.1,111823.9,23765.2,0.3,49400,-134900,-1786130000,13250,"2023-03-16T13:25:00.000Z",1678973100000,13300,13250,13300,21.1,78.9,0,0.7,1.6,,3.7,184300,233700,4693500,,3097820000,655845000,2441975000,
68002.2,-2105000,-27929920000,16637660000,44567580000,64983890000,904676521.7,1483979456.5,1.8,111823.9,23765.2,0.4,59500,-78900,-1040195000,13250,"2023-03-16T13:30:00.000Z",1678973400000,13300,13200,13200,30.1,69.9,0,0.9,1.2,,2.3,138400,197900,4891400,,2617255000,788530000,1828725000,
68002.2,-2117800,-28098735000,16846470000,44945205000,65570325000,904676521.7,1483979456.5,0.3,111823.9,23765.2,0.6,15700,-12800,-168815000,13250,"2023-03-16T13:35:00.000Z",1678973700000,13300,13250,13250,35.5,64.5,0,0.2,0.3,,1.8,28500,44200,4935600,,586435000,208810000,377625000,
68002.2,-2152400,-28555520000,17421860000,45977380000,67177890000,904676521.7,1483979456.5,0.8,111823.9,23765.2,0.6,43300,-34600,-456785000,13250,"2023-03-16T13:40:00.000Z",1678974000000,13300,13250,13250,35.7,64.3,0,0.6,0.7,,1.8,77900,121200,5056800,,1607565000,575390000,1032175000,
68002.2,-2159400,-28647590000,17602740000,46250330000,67631720000,904676521.7,1483979456.5,0.2,111823.9,23765.2,0.7,13600,-7000,-92070000,13300,"2023-03-16T13:45:00.000Z",1678974300000,13300,13250,13250,39.8,60.2,0,0.2,0.2,,1.5,20600,34200,5091000,,453830000,180880000,272950000,
68002.2,-2148000,-28495700000,17826180000,46321880000,67926710000,904676521.7,1483979456.5,-0.3,111823.9,23765.2,3.1,16800,11400,151890000,13300,"2023-03-16T13:50:00.000Z",1678974600000,13300,13250,13300,75.7,24.3,0,0.2,0,,0.3,5400,22200,5113200,,294990000,223440000,71550000,
68002.2,-2158800,-28638135000,18003070000,46641205000,68422925000,904676521.7,1483979456.5,0.2,111823.9,23765.2,0.6,13300,-10800,-142435000,13250,"2023-03-16T13:55:00.000Z",1678974900000,13300,13250,13300,35.6,64.4,0,0.2,0.2,,1.8,24100,37400,5150600,,496215000,176890000,319325000,
68002.2,-2323500,-30818855000,18082570000,48901425000,70762645000,904676521.7,1483979456.5,3.8,111823.9,23765.2,0,6000,-164700,-2180720000,13250,"2023-03-16T14:00:00.000Z",1678975200000,13250,13200,13250,3.4,96.6,0,0.1,1.5,,28.5,170700,176700,5327300,,2339720000,79500000,2260220000,
68002.2,-2589000,-34321780000,18748845000,53070625000,75598120000,904676521.7,1483979456.5,6,111823.9,23765.2,0.2,50400,-265500,-3502925000,13250,"2023-03-16T14:05:00.000Z",1678975500000,13250,13150,13200,13.8,86.2,0,0.7,2.8,,6.3,315900,366300,5693600,,4835475000,666275000,4169200000,
68002.2,-2468400,-32718620000,20974750000,53693370000,78446770000,904676521.7,1483979456.5,-2.8,111823.9,23765.2,3.6,167600,120600,1603160000,13250,"2023-03-16T14:10:00.000Z",1678975800000,13300,13200,13250,78.1,21.9,0,2.5,0.4,,0.3,47000,214600,5908200,,2848650000,2225905000,622745000,
68002.2,-2036100,-26938445000,32958460000,59896905000,96748825000,904676521.7,1483979456.5,-10,111823.9,23765.2,1.9,898400,432300,5780175000,13300,"2023-03-16T14:15:00.000Z",1678976100000,13400,13250,13250,65.4,33.9,0.6,13.2,4.2,0.4,0.5,466100,1373100,7281300,8600,18302055000,11983710000,6203535000,114810000
68002.2,-1984500,-26241750000,38415140000,64656890000,106965490000,904676521.7,1483979456.5,-1.2,111823.9,23765.2,1.1,410200,51600,696695000,13300,"2023-03-16T14:20:00.000Z",1678976400000,13350,13250,13300,53.4,46.6,0,6,3.2,,0.9,358600,768800,8050100,,10216665000,5456680000,4759985000,
68002.2,-2015800,-26647935000,41615120000,68263055000,113771635000,904676521.7,1483979456.5,0.7,111823.9,23765.2,0.9,240600,-31300,-406185000,13250,"2023-03-16T14:25:00.000Z",1678976700000,13300,13250,13300,46.9,53.1,0,3.5,2.4,,1.1,271900,512500,8562600,,6806145000,3199980000,3606165000,
68002.2,-2015800,-26647935000,41615120000,68263055000,124406085000,904676521.7,1483979456.5,0,111823.9,23765.2,NaN,,0,0,13250,"2023-03-16T14:45:00.000Z",1678977900000,13250,13250,13250,0,0,100,,,33.8,NaN,,802600,9365200,802600,10634450000,,,10634450000
