"abu","acum_busd","acum_busd_val","acum_val_bu","acum_val_sd","acum_val","avg_val_bu","avg_val_sd","rbusd","asd","auk","bs","bu","bu-sd","bu-sd_val","c","date","datetime","h","l","o","pbu","psd","puk","rbu","rsd","ruk","sb","sd","sum_vol","total_vol","uk","val","val_bu","val_sd","val_uk"
156102.2,383300,9525895000,19764300000,10238405000,30002705000,3863651413,6135018152.2,-4.2,248530.4,22987,1.9,796500,383300,9525895000,24850,"2023-03-16T09:15:00.000Z",1678958100000,24950,24700,24800,65.8,34.2,0,5.1,1.7,,0.5,413200,1209700,1209700,,30002705000,19764300000,10238405000,
156102.2,307300,7644090000,23458915000,15814825000,39286140000,3863651413,6135018152.2,0.8,248530.4,22987,0.7,148700,-76000,-1881805000,24800,"2023-03-16T09:20:00.000Z",1678958400000,24900,24750,24900,39.8,60.1,0.1,1,0.9,0,1.5,224700,373900,1583600,500,9283435000,3694615000,5576420000,12400000
156102.2,-126700,-3067170000,27656695000,30723865000,58392960000,3863651413,6135018152.2,4.7,248530.4,22987,0.3,169500,-434000,-10711260000,24600,"2023-03-16T09:25:00.000Z",1678958700000,24850,24600,24800,21.9,78.1,0,1.1,2.4,,3.6,603500,773000,2356600,,19106820000,4197780000,14909040000,
156102.2,-122500,-2955810000,34242575000,37198385000,71453360000,3863651413,6135018152.2,0,248530.4,22987,1,267000,4200,111360000,24750,"2023-03-16T09:30:00.000Z",1678959000000,24750,24600,24650,50.4,49.6,0,1.7,1.1,,1,262800,529800,2886400,,13060400000,6585880000,6474520000,
156102.2,37200,1000795000,39189710000,38188915000,77391025000,3863651413,6135018152.2,-1.7,248530.4,22987,5,199800,159700,3956605000,24800,"2023-03-16T09:35:00.000Z",1678959300000,24800,24700,24700,83.3,16.7,0,1.3,0.2,,0.2,40100,239900,3126300,,5937665000,4947135000,990530000,
156102.2,75000,1942075000,43078810000,41136735000,84227945000,3863651413,6135018152.2,-0.4,248530.4,22987,1.3,156900,37800,941280000,24700,"2023-03-16T09:40:00.000Z",1678959600000,24800,24700,24800,56.8,43.2,0,1,0.5,,0.8,119100,276000,3402300,,6836920000,3889100000,2947820000,
156102.2,361900,9050325000,50702820000,41652495000,92367715000,3863651413,6135018152.2,-3.1,248530.4,22987,14.8,307700,286900,7108250000,24800,"2023-03-16T09:45:00.000Z",1678959900000,24850,24700,24750,93.7,6.3,0,2,0.1,,0.1,20800,328500,3730800,,8139770000,7624010000,515760000,
156102.2,396900,9923730000,55629470000,45705740000,101347610000,3863651413,6135018152.2,-0.4,248530.4,22987,1.2,198500,35000,873405000,24800,"2023-03-16T09:50:00.000Z",1678960200000,24850,24750,24800,54.8,45.2,0,1.3,0.7,,0.8,163500,362000,4092800,,8979895000,4926650000,4053245000,
156102.2,481500,12023940000,61864295000,49840355000,111717050000,3863651413,6135018152.2,-0.9,248530.4,22987,1.5,251400,84600,2100210000,24800,"2023-03-16T09:55:00.000Z",1678960500000,24850,24750,24800,60.1,39.9,0,1.6,0.7,,0.7,166800,418200,4511000,,10369440000,6234825000,4134615000,
156102.2,279000,7002440000,66772475000,59770035000,126554910000,3863651413,6135018152.2,2.2,248530.4,22987,0.5,197900,-202500,-5021500000,24800,"2023-03-16T10:00:00.000Z",1678960800000,24850,24750,24800,33.1,66.9,0,1.3,1.6,,2,400400,598300,5109300,,14837860000,4908180000,9929680000,
156102.2,263400,6620325000,69140680000,62520355000,131673435000,3863651413,6135018152.2,0.2,248530.4,22987,0.9,95300,-15600,-382115000,24850,"2023-03-16T10:05:00.000Z",1678961100000,24850,24800,24800,46.2,53.8,0,0.6,0.4,,1.2,110900,206200,5315500,,5118525000,2368205000,2750320000,
156102.2,303900,7627800000,70668955000,63041155000,133722510000,3863651413,6135018152.2,-0.4,248530.4,22987,2.9,61500,40500,1007475000,24850,"2023-03-16T10:10:00.000Z",1678961400000,24850,24800,24850,74.5,25.5,0,0.4,0.1,,0.3,21000,82500,5398000,,2049075000,1528275000,520800000,
156102.2,301500,7569325000,71188320000,63618995000,134819715000,3863651413,6135018152.2,0,248530.4,22987,0.9,20900,-2400,-58475000,24800,"2023-03-16T10:15:00.000Z",1678961700000,24850,24800,24800,47.3,52.7,0,0.1,0.1,,1.1,23300,44200,5442200,,1097205000,519365000,577840000,
156102.2,276000,6937490000,71469125000,64531635000,136013160000,3863651413,6135018152.2,0.3,248530.4,22987,0.3,11300,-25500,-631835000,24800,"2023-03-16T10:20:00.000Z",1678962000000,24850,24800,24800,23.5,76.5,0,0.1,0.1,,3.3,36800,48100,5490300,,1193445000,280805000,912640000,
156102.2,-56800,-1314830000,72148650000,73463480000,145624530000,3863651413,6135018152.2,3.6,248530.4,22987,0.1,27400,-332800,-8252320000,24750,"2023-03-16T10:25:00.000Z",1678962300000,24850,24750,24800,7.1,92.9,0,0.2,1.4,,13.1,360200,387600,5877900,,9611370000,679525000,8931845000,
156102.2,27800,786160000,75690090000,74903930000,150606420000,3863651413,6135018152.2,-0.9,248530.4,22987,2.5,142800,84600,2100990000,24800,"2023-03-16T10:30:00.000Z",1678962600000,24800,24750,24800,71,29,0,0.9,0.2,,0.4,58200,201000,6078900,,4981890000,3541440000,1440450000,
156102.2,107700,2770290000,78966170000,76195880000,155174450000,3863651413,6135018152.2,-0.9,248530.4,22987,2.5,132100,79900,1984130000,24800,"2023-03-16T10:35:00.000Z",1678962900000,24800,24750,24800,71.7,28.3,0,0.8,0.2,,0.4,52200,184300,6263200,,4568030000,3276080000,1291950000,
156102.2,-638300,-15675855000,80163900000,95839755000,176016055000,3863651413,6135018152.2,8.1,248530.4,22987,0.1,48300,-746000,-18446145000,24700,"2023-03-16T10:40:00.000Z",1678963200000,24800,24700,24800,5.7,94.3,0,0.3,3.2,,16.4,794300,842600,7105800,,20841605000,1197730000,19643875000,
156102.2,-714500,-17552435000,84140130000,101692565000,185845095000,3863651413,6135018152.2,0.8,248530.4,22987,0.7,160900,-76200,-1876580000,24700,"2023-03-16T10:45:00.000Z",1678963500000,24750,24650,24750,40.4,59.6,0,1,1,,1.5,237100,398000,7503800,,9829040000,3976230000,5852810000,
156102.2,-620500,-15225340000,88791115000,104016455000,192819970000,3863651413,6135018152.2,-1,248530.4,22987,2,188200,94000,2327095000,24700,"2023-03-16T10:50:00.000Z",1678963800000,24750,24650,24700,66.6,33.4,0,1.2,0.4,,0.5,94200,282400,7786200,,6974875000,4650985000,2323890000,
156102.2,-584300,-14327745000,92435330000,106763075000,199210805000,3863651413,6135018152.2,-0.4,248530.4,22987,1.3,147200,36200,897595000,24750,"2023-03-16T10:55:00.000Z",1678964100000,24800,24700,24750,57,43,0,0.9,0.4,,0.8,111000,258200,8044400,,6390835000,3644215000,2746620000,
156102.2,-510300,-12493285000,95697470000,108190755000,203900625000,3863651413,6135018152.2,-0.8,248530.4,22987,2.3,131800,74000,1834460000,24800,"2023-03-16T11:00:00.000Z",1678964400000,24800,24700,24700,69.5,30.5,0,0.8,0.2,,0.4,57800,189600,8234000,,4689820000,3262140000,1427680000,
156102.2,-753000,-18499665000,95918190000,114417855000,210348445000,3863651413,6135018152.2,2.6,248530.4,22987,0,8900,-242700,-6006380000,24750,"2023-03-16T11:05:00.000Z",1678964700000,24800,24750,24800,3.4,96.6,0,0.1,1,,28.3,251600,260500,8494500,,6447820000,220720000,6227100000,
156102.2,-1043900,-25682640000,98210055000,123892695000,222115150000,3863651413,6135018152.2,3.2,248530.4,22987,0.2,92600,-290900,-7182975000,24700,"2023-03-16T11:10:00.000Z",1678965000000,24800,24700,24750,19.4,80.6,0,0.6,1.5,,4.1,383500,476100,8970600,,11766705000,2291865000,9474840000,
156102.2,-1061900,-26123660000,100527005000,126650665000,227190070000,3863651413,6135018152.2,0.2,248530.4,22987,0.8,93800,-18000,-441020000,24700,"2023-03-16T11:15:00.000Z",1678965300000,24750,24650,24750,45.6,54.4,0,0.6,0.4,,1.2,111800,205600,9176200,,5074920000,2316950000,2757970000,
156102.2,-1214100,-29872220000,102092985000,131965205000,234070590000,3863651413,6135018152.2,1.7,248530.4,22987,0.3,63400,-152200,-3748560000,24650,"2023-03-16T11:20:00.000Z",1678965600000,24700,24650,24650,22.7,77.3,0,0.4,0.9,,3.4,215600,279000,9455200,,6880520000,1565980000,5314540000,
156102.2,-1289200,-31720460000,104662025000,136382485000,241056910000,3863651413,6135018152.2,0.8,248530.4,22987,0.6,104100,-75100,-1848240000,24700,"2023-03-16T11:25:00.000Z",1678965900000,24700,24650,24700,36.7,63.3,0,0.7,0.7,,1.7,179200,283300,9738500,,6986320000,2569040000,4417280000,
156102.2,-1561700,-38431715000,111566350000,149998065000,261576815000,3863651413,6135018152.2,3,248530.4,22987,0.5,279500,-272500,-6711255000,24700,"2023-03-16T13:00:00.000Z",1678971600000,24750,24650,24700,33.6,66.4,0,1.8,2.2,,2,552000,831500,10570000,,20519905000,6904325000,13615580000,
156102.2,-1666400,-41013530000,117072540000,158086070000,275171010000,3863651413,6135018152.2,1.1,248530.4,22987,0.7,222800,-104700,-2581815000,24750,"2023-03-16T13:05:00.000Z",1678971900000,24750,24650,24700,40.5,59.5,0,1.4,1.3,,1.5,327500,550300,11120300,,13594195000,5506190000,8088005000,
156102.2,-1535600,-37771130000,123032505000,160803635000,283848540000,3863651413,6135018152.2,-1.4,248530.4,22987,2.2,240800,130800,3242400000,24800,"2023-03-16T13:10:00.000Z",1678972200000,24800,24700,24750,68.6,31.4,0,1.5,0.4,,0.5,110000,350800,11471100,,8677530000,5959965000,2717565000,
156102.2,-1628400,-40060870000,128053415000,168114285000,296180100000,3863651413,6135018152.2,1,248530.4,22987,0.7,202600,-92800,-2289740000,24800,"2023-03-16T13:15:00.000Z",1678972500000,24800,24700,24750,40.7,59.3,0,1.3,1.2,,1.5,295400,498000,11969100,,12331560000,5020910000,7310650000,
156102.2,-1502300,-36928780000,136217615000,173146395000,309376410000,3863651413,6135018152.2,-1.4,248530.4,22987,1.6,329200,126100,3132090000,24800,"2023-03-16T13:20:00.000Z",1678972800000,24850,24750,24800,61.8,38.2,0,2.1,0.8,,0.6,203100,532300,12501400,,13196310000,8164200000,5032110000,
156102.2,-1613800,-39686430000,137197215000,176883645000,314093260000,3863651413,6135018152.2,1.2,248530.4,22987,0.3,39500,-111500,-2757650000,24750,"2023-03-16T13:25:00.000Z",1678973100000,24800,24750,24800,20.7,79.3,0,0.3,0.6,,3.8,151000,190500,12691900,,4716850000,979600000,3737250000,
156102.2,-1839400,-45258485000,139023855000,184282340000,323318595000,3863651413,6135018152.2,2.5,248530.4,22987,0.2,73800,-225600,-5572055000,24750,"2023-03-16T13:30:00.000Z",1678973400000,24800,24700,24750,19.8,80.2,0,0.5,1.2,,4.1,299400,373200,13065100,,9225335000,1826640000,7398695000,
156102.2,-1892200,-46560480000,140095530000,186656010000,326763940000,3863651413,6135018152.2,0.6,248530.4,22987,0.5,43300,-52800,-1301995000,24750,"2023-03-16T13:35:00.000Z",1678973700000,24750,24700,24750,31.1,68.9,0,0.3,0.4,,2.2,96100,139400,13204500,,3445345000,1071675000,2373670000,
156102.2,-1671800,-41097180000,148069965000,189167145000,337249510000,3863651413,6135018152.2,-2.4,248530.4,22987,3.2,322000,220400,5463300000,24800,"2023-03-16T13:40:00.000Z",1678974000000,24800,24700,24700,76,24,0,2.1,0.4,,0.3,101600,423600,13628100,,10485570000,7974435000,2511135000,
156102.2,-1748500,-42993955000,148838765000,191832720000,340683885000,3863651413,6135018152.2,0.8,248530.4,22987,0.3,31000,-76700,-1896775000,24800,"2023-03-16T13:45:00.000Z",1678974300000,24800,24750,24800,22.4,77.6,0,0.2,0.4,,3.5,107700,138700,13766800,,3434375000,768800000,2665575000,
156102.2,-2099300,-51659355000,151366510000,203025865000,354404775000,3863651413,6135018152.2,3.8,248530.4,22987,0.2,102300,-350800,-8665400000,24650,"2023-03-16T13:50:00.000Z",1678974600000,24800,24650,24750,18.4,81.6,0,0.7,1.8,,4.4,453100,555400,14322200,,13720890000,2527745000,11193145000,
156102.2,-2062600,-50749275000,154046460000,204795735000,358854595000,3863651413,6135018152.2,-0.4,248530.4,22987,1.5,108500,36700,910080000,24700,"2023-03-16T13:55:00.000Z",1678974900000,24700,24650,24700,60.2,39.8,0,0.7,0.3,,0.7,71800,180300,14502500,,4449820000,2679950000,1769870000,
156102.2,-2222300,-54683150000,155395080000,210078230000,365485710000,3863651413,6135018152.2,1.7,248530.4,22987,0.3,54600,-159700,-3933875000,24700,"2023-03-16T14:00:00.000Z",1678975200000,24700,24650,24650,20.3,79.7,0,0.3,0.9,,3.9,214300,268900,14771400,,6631115000,1348620000,5282495000,
156102.2,-2280700,-56117030000,158562525000,214679555000,373256945000,3863651413,6135018152.2,0.6,248530.4,22987,0.7,128300,-58400,-1433880000,24700,"2023-03-16T14:05:00.000Z",1678975500000,24700,24600,24650,40.7,59.3,0,0.8,0.8,0,1.5,186700,315100,15086500,100,7771235000,3167445000,4601325000,2465000
156102.2,-2216100,-54518185000,162838580000,217356765000,380210210000,3863651413,6135018152.2,-0.7,248530.4,22987,1.6,172800,64600,1598845000,24750,"2023-03-16T14:10:00.000Z",1678975800000,24800,24700,24700,61.5,38.5,0,1.1,0.4,,0.6,108200,281000,15367500,,6953265000,4276055000,2677210000,
156102.2,-4148800,-101972920000,163644670000,265617590000,429277125000,3863651413,6135018152.2,20.9,248530.4,22987,0,32800,-1932700,-47454735000,24500,"2023-03-16T14:15:00.000Z",1678976100000,24700,24500,24700,1.6,98.4,0,0.2,7.9,,59.9,1965500,1998300,17365800,,49066915000,806090000,48260825000,
156102.2,-4204400,-103331695000,171553140000,274884835000,446455295000,3863651413,6135018152.2,0.6,248530.4,22987,0.9,322000,-55600,-1358775000,24600,"2023-03-16T14:20:00.000Z",1678976400000,24600,24500,24500,46,54,0,2.1,1.5,0,1.2,377600,699700,18065500,100,17178170000,7908470000,9267245000,2455000
156102.2,-4251700,-104482870000,177727965000,282210835000,459956120000,3863651413,6135018152.2,0.5,248530.4,22987,0.8,250500,-47300,-1151175000,24600,"2023-03-16T14:25:00.000Z",1678976700000,24650,24600,24600,45.7,54.3,0,1.6,1.2,,1.2,297800,548300,18613800,,13500825000,6174825000,7326000000,
156102.2,-4251700,-104482870000,177727965000,282210835000,485950940000,3863651413,6135018152.2,0,248530.4,22987,NaN,,0,0,24600,"2023-03-16T14:45:00.000Z",1678977900000,24600,24600,24600,0,0,100,,,46,NaN,,1056700,19670500,1056700,25994820000,,,25994820000
