"abu","acum_busd","acum_busd_val","acum_val_bu","acum_val_sd","acum_val","avg_val_bu","avg_val_sd","rbusd","asd","auk","bs","bu","bu-sd","bu-sd_val","c","date","datetime","h","l","o","pbu","psd","puk","rbu","rsd","ruk","sb","sd","sum_vol","total_vol","uk","val","val_bu","val_sd","val_uk"
102173.9,433200,12820925000,19685345000,6864420000,35234390000,3016319021.7,3446427608.7,-29.8,117165.2,7837,2.9,665800,433200,12820925000,29700,"2023-03-16T09:15:00.000Z",1678958100000,29800,29300,29300,55.7,19.5,24.8,6.5,2,37.8,0.3,232600,1194800,1194800,296400,35234390000,19685345000,6864420000,8684625000
102173.9,320800,9511785000,25657105000,16145320000,50659600000,3016319021.7,3446427608.7,7.7,117165.2,7837,0.6,201500,-112400,-3309140000,29550,"2023-03-16T09:20:00.000Z",1678958400000,29800,29450,29750,38.7,60.2,1.1,2,2.7,0.7,1.6,313900,521200,1716000,5800,15425210000,5971760000,9280900000,172550000
102173.9,169900,5067730000,28525765000,23458035000,60840975000,3016319021.7,3446427608.7,10.3,117165.2,7837,0.4,97100,-150900,-4444055000,29450,"2023-03-16T09:25:00.000Z",1678958700000,29600,29450,29550,28.1,71.9,0,1,2.1,,2.6,248000,345100,2061100,,10181375000,2868660000,7312715000,
102173.9,111000,3339455000,33347240000,30007785000,72212200000,3016319021.7,3446427608.7,4,117165.2,7837,0.7,163500,-58900,-1728275000,29550,"2023-03-16T09:30:00.000Z",1678959000000,29550,29400,29500,42.4,57.6,0,1.6,1.9,,1.4,222400,385900,2447000,,11371225000,4821475000,6549750000,
102173.9,283300,8443390000,41747460000,33304070000,83908705000,3016319021.7,3446427608.7,-11.9,117165.2,7837,2.5,283900,172300,5103935000,29650,"2023-03-16T09:35:00.000Z",1678959300000,29650,29500,29550,71.8,28.2,0,2.8,1,,0.4,111600,395500,2842500,,11696505000,8400220000,3296285000,
102173.9,574200,17089530000,53860650000,36771120000,99488945000,3016319021.7,3446427608.7,-20.1,117165.2,7837,3.5,407600,290900,8646140000,29750,"2023-03-16T09:40:00.000Z",1678959600000,29800,29650,29650,77.7,22.3,0,4,1,,0.3,116700,524300,3366800,,15580240000,12113190000,3467050000,
102173.9,352400,10502290000,54840270000,44337980000,108035425000,3016319021.7,3446427608.7,15.3,117165.2,7837,0.1,33000,-221800,-6587240000,29600,"2023-03-16T09:45:00.000Z",1678959900000,29800,29600,29800,11.5,88.5,0,0.3,2.2,,7.7,254800,287800,3654600,,8546480000,979620000,7566860000,
102173.9,341900,10191945000,56390120000,46198175000,111445470000,3016319021.7,3446427608.7,0.7,117165.2,7837,0.8,52400,-10500,-310345000,29600,"2023-03-16T09:50:00.000Z",1678960200000,29650,29500,29650,45.4,54.6,0,0.5,0.5,,1.2,62900,115300,3769900,,3410045000,1549850000,1860195000,
102173.9,394000,11734950000,58302825000,46567875000,113727875000,3016319021.7,3446427608.7,-3.6,117165.2,7837,5.2,64600,52100,1543005000,29650,"2023-03-16T09:55:00.000Z",1678960500000,29650,29550,29600,83.8,16.2,0,0.6,0.1,,0.2,12500,77100,3847000,,2282405000,1912705000,369700000,
102173.9,273200,8162615000,59184510000,51021895000,119063580000,3016319021.7,3446427608.7,8.3,117165.2,7837,0.2,29800,-120800,-3572335000,29550,"2023-03-16T10:00:00.000Z",1678960800000,29650,29500,29650,16.5,83.5,0,0.3,1.3,,5.1,150600,180400,4027400,,5335705000,881685000,4454020000,
102173.9,158200,4770575000,59367600000,54597025000,122851300000,3016319021.7,3446427608.7,7.9,117165.2,7837,0.1,6200,-115000,-3392040000,29450,"2023-03-16T10:05:00.000Z",1678961100000,29550,29450,29550,4.8,94.4,0.8,0.1,1,0.1,19.5,121200,128400,4155800,1000,3787720000,183090000,3575130000,29500000
102173.9,113700,3460300000,60033420000,56573120000,125493215000,3016319021.7,3446427608.7,3,117165.2,7837,0.3,22600,-44500,-1310275000,29450,"2023-03-16T10:10:00.000Z",1678961400000,29500,29450,29450,25.2,74.8,0,0.2,0.6,,3,67100,89700,4245500,,2641915000,665820000,1976095000,
102173.9,264800,7922205000,65350525000,57428320000,131665520000,3016319021.7,3446427608.7,-10.4,117165.2,7837,6.2,180100,151100,4461905000,29550,"2023-03-16T10:15:00.000Z",1678961700000,29600,29450,29450,86.1,13.9,0,1.8,0.2,,0.2,29000,209100,4454600,,6172305000,5317105000,855200000,
102173.9,151500,4577375000,65539895000,60962520000,135389090000,3016319021.7,3446427608.7,7.8,117165.2,7837,0.1,6400,-113300,-3344830000,29500,"2023-03-16T10:20:00.000Z",1678962000000,29600,29500,29550,5.1,94.9,0,0.1,1,,18.7,119700,126100,4580700,,3723570000,189370000,3534200000,
102173.9,120900,3676810000,65961745000,62284935000,137133355000,3016319021.7,3446427608.7,2.1,117165.2,7837,0.3,14300,-30600,-900565000,29450,"2023-03-16T10:25:00.000Z",1678962300000,29500,29450,29500,24.2,75.8,0,0.1,0.4,,3.1,44900,59200,4639900,,1744265000,421850000,1322415000,
102173.9,133900,4060590000,66752345000,62691755000,138622825000,3016319021.7,3446427608.7,-0.9,117165.2,7837,1.9,26800,13000,383780000,29500,"2023-03-16T10:30:00.000Z",1678962600000,29500,29450,29450,53.1,27.3,19.6,0.3,0.1,1.3,0.5,13800,50500,4690400,9900,1489470000,790600000,406820000,292050000
102173.9,-24300,-597105000,66929165000,67526270000,143634160000,3016319021.7,3446427608.7,10.8,117165.2,7837,0,6000,-158200,-4657695000,29450,"2023-03-16T10:35:00.000Z",1678962900000,29500,29400,29500,3.5,96.5,0,0.1,1.4,,27.4,164200,170200,4860600,,5011335000,176820000,4834515000,
102173.9,-132700,-3779450000,68123665000,71903115000,149488225000,3016319021.7,3446427608.7,7.4,117165.2,7837,0.3,40600,-108400,-3182345000,29350,"2023-03-16T10:40:00.000Z",1678963200000,29500,29350,29500,20.4,74.8,4.8,0.4,1.3,1.2,3.7,149000,199200,5059800,9600,5854065000,1194500000,4376845000,282720000
102173.9,-66800,-1840710000,70670305000,72511015000,152642765000,3016319021.7,3446427608.7,-4.5,117165.2,7837,4.2,86600,65900,1938740000,29400,"2023-03-16T10:45:00.000Z",1678963500000,29450,29350,29350,80.7,19.3,0,0.8,0.2,,0.2,20700,107300,5167100,,3154540000,2546640000,607900000,
102173.9,-44200,-1174775000,72338755000,73513530000,155313730000,3016319021.7,3446427608.7,-1.5,117165.2,7837,1.7,56700,22600,665935000,29450,"2023-03-16T10:50:00.000Z",1678963800000,29450,29350,29400,62.4,37.6,0,0.6,0.3,,0.6,34100,90800,5257900,,2670965000,1668450000,1002515000,
102173.9,122800,3752625000,78166965000,74414340000,162042750000,3016319021.7,3446427608.7,-11.5,117165.2,7837,6.5,197500,167000,4927400000,29500,"2023-03-16T10:55:00.000Z",1678964100000,29600,29450,29450,86.6,13.4,0,1.9,0.3,,0.2,30500,228000,5485900,,6729020000,5828210000,900810000,
102173.9,134000,4083080000,78851365000,74768285000,163081095000,3016319021.7,3446427608.7,-0.8,117165.2,7837,1.9,23200,11200,330455000,29500,"2023-03-16T11:00:00.000Z",1678964400000,29500,29450,29500,65.9,34.1,0,0.2,0.1,,0.5,12000,35200,5521100,,1038345000,684400000,353945000,
102173.9,65300,2071690000,81142830000,79071140000,169675415000,3016319021.7,3446427608.7,4.7,117165.2,7837,0.5,77900,-68700,-2011390000,29300,"2023-03-16T11:05:00.000Z",1678964700000,29500,29300,29500,34.7,65.3,0,0.8,1.3,,1.9,146600,224500,5745600,,6594320000,2291465000,4302855000,
102173.9,15600,615730000,82746100000,82130370000,174337915000,3016319021.7,3446427608.7,3.4,117165.2,7837,0.5,54800,-49700,-1455960000,29250,"2023-03-16T11:10:00.000Z",1678965000000,29350,29200,29300,34.4,65.6,0,0.5,0.9,,1.9,104500,159300,5904900,,4662500000,1603270000,3059230000,
102173.9,-26800,-622820000,84215950000,84838770000,178516165000,3016319021.7,3446427608.7,2.9,117165.2,7837,0.5,50200,-42400,-1238550000,29250,"2023-03-16T11:15:00.000Z",1678965300000,29300,29200,29250,35.2,64.8,0,0.5,0.8,,1.8,92600,142800,6047700,,4178250000,1469850000,2708400000,
102173.9,-133900,-3749395000,85510315000,89259710000,184231470000,3016319021.7,3446427608.7,7.3,117165.2,7837,0.3,44200,-107100,-3126575000,29300,"2023-03-16T11:20:00.000Z",1678965600000,29300,29200,29300,22.6,77.4,0,0.4,1.3,,3.4,151300,195500,6243200,,5715305000,1294365000,4420940000,
102173.9,-31300,-734105000,89509580000,90243685000,189214710000,3016319021.7,3446427608.7,-7,117165.2,7837,4.1,136200,102600,3015290000,29400,"2023-03-16T11:25:00.000Z",1678965900000,29400,29250,29300,80.2,19.8,0,1.3,0.3,,0.2,33600,169800,6413000,,4983240000,3999265000,983975000,
102173.9,-66500,-1746485000,93667550000,95414035000,199173345000,3016319021.7,3446427608.7,2.4,117165.2,7837,0.8,141600,-35200,-1012380000,29400,"2023-03-16T13:00:00.000Z",1678971600000,29400,29150,29350,41.7,52,6.3,1.4,1.5,2.7,1.2,176800,339900,6752900,21500,9958635000,4157970000,5170350000,630315000
102173.9,-32200,-736360000,96552595000,97288955000,203933310000,3016319021.7,3446427608.7,-2.3,117165.2,7837,1.5,98100,34300,1010125000,29450,"2023-03-16T13:05:00.000Z",1678971900000,29450,29350,29350,60.6,39.4,0,1,0.5,,0.7,63800,161900,6914800,,4759965000,2885045000,1874920000,
102173.9,-52400,-1329290000,98664150000,99993440000,208778750000,3016319021.7,3446427608.7,1.4,117165.2,7837,0.8,71700,-20200,-592930000,29450,"2023-03-16T13:10:00.000Z",1678972200000,29450,29350,29400,43.6,55.8,0.6,0.7,0.8,0.1,1.3,91900,164600,7079400,1000,4845440000,2111555000,2704485000,29400000
102173.9,280200,8493445000,109250310000,100756865000,220128335000,3016319021.7,3446427608.7,-22.8,117165.2,7837,13.8,358500,332600,9822735000,29600,"2023-03-16T13:15:00.000Z",1678972500000,29650,29450,29450,93.3,6.7,0,3.5,0.2,,0.1,25900,384400,7463800,,11349585000,10586160000,763425000,
102173.9,314600,9516345000,113333170000,103816825000,227271155000,3016319021.7,3446427608.7,-2.4,117165.2,7837,1.3,137700,34400,1022900000,29600,"2023-03-16T13:20:00.000Z",1678972800000,29700,29600,29600,57.1,42.9,0,1.3,0.9,,0.8,103300,241000,7704800,,7142820000,4082860000,3059960000,
102173.9,277700,8428365000,115017690000,106589325000,231728175000,3016319021.7,3446427608.7,2.5,117165.2,7837,0.6,57100,-36900,-1087980000,29500,"2023-03-16T13:25:00.000Z",1678973100000,29600,29450,29600,37.8,62.2,0,0.6,0.8,,1.6,94000,151100,7855900,,4457020000,1684520000,2772500000,
102173.9,264400,8037715000,115628340000,107590625000,233340125000,3016319021.7,3446427608.7,0.9,117165.2,7837,0.6,20700,-13300,-390650000,29450,"2023-03-16T13:30:00.000Z",1678973400000,29500,29450,29500,37.8,62.2,0,0.2,0.3,,1.6,34000,54700,7910600,,1611950000,610650000,1001300000,
102173.9,281600,8545930000,116616590000,108070660000,234808410000,3016319021.7,3446427608.7,-1.2,117165.2,7837,2.1,33500,17200,508215000,29450,"2023-03-16T13:35:00.000Z",1678973700000,29500,29450,29500,67.3,32.7,0,0.3,0.1,,0.5,16300,49800,7960400,,1468285000,988250000,480035000,
102173.9,405200,12195720000,120634925000,108439205000,239195290000,3016319021.7,3446427608.7,-8.5,117165.2,7837,10.9,136100,123600,3649790000,29600,"2023-03-16T13:40:00.000Z",1678974000000,29600,29450,29500,91.6,8.4,0,1.3,0.1,,0.1,12500,148600,8109000,,4386880000,4018335000,368545000,
102173.9,493000,14794935000,124027085000,109232150000,243427755000,3016319021.7,3446427608.7,-6,117165.2,7837,4.3,114600,87800,2599215000,29600,"2023-03-16T13:45:00.000Z",1678974300000,29600,29550,29600,80.1,18.7,1.1,1.1,0.2,0.2,0.2,26800,143000,8252000,1600,4232465000,3392160000,792945000,47360000
102173.9,478100,14354350000,125095820000,110741470000,246005810000,3016319021.7,3446427608.7,1,117165.2,7837,0.7,36100,-14900,-440585000,29550,"2023-03-16T13:50:00.000Z",1678974600000,29650,29550,29600,41.4,58.6,0,0.4,0.4,,1.4,51000,87100,8339100,,2578055000,1068735000,1509320000,
102173.9,430700,12955625000,125388295000,112432670000,248001305000,3016319021.7,3446427608.7,3.3,117165.2,7837,0.2,9900,-47400,-1398725000,29500,"2023-03-16T13:55:00.000Z",1678974900000,29550,29450,29550,14.6,84.8,0.6,0.1,0.5,0.1,5.8,57300,67600,8406700,400,1995495000,292475000,1691200000,11820000
102173.9,392600,11834385000,126154005000,114319620000,250653965000,3016319021.7,3446427608.7,2.6,117165.2,7837,0.4,26000,-38100,-1121240000,29450,"2023-03-16T14:00:00.000Z",1678975200000,29500,29400,29500,28.9,71.1,0,0.3,0.5,,2.5,64100,90100,8496800,,2652660000,765710000,1886950000,
102173.9,427400,12861675000,127950090000,115088415000,253218845000,3016319021.7,3446427608.7,-2.4,117165.2,7837,2.3,60900,34800,1027290000,29500,"2023-03-16T14:05:00.000Z",1678975500000,29500,29450,29450,70,30,0,0.6,0.2,,0.4,26100,87000,8583800,,2564880000,1796085000,768795000,
102173.9,429700,12930385000,128683500000,115753115000,254616955000,3016319021.7,3446427608.7,-0.2,117165.2,7837,1.1,24800,2300,68710000,29550,"2023-03-16T14:10:00.000Z",1678975800000,29600,29500,29550,52.4,47.6,0,0.2,0.2,,0.9,22500,47300,8631100,,1398110000,733410000,664700000,
102173.9,-241200,-6749850000,130737200000,137487050000,278592130000,3016319021.7,3446427608.7,45.8,117165.2,7837,0.1,70100,-670900,-19680235000,29100,"2023-03-16T14:15:00.000Z",1678976100000,29550,29100,29550,8.6,90.6,0.8,0.7,6.3,0.8,10.6,741000,817500,9448600,6400,23975175000,2053700000,21733935000,187540000
102173.9,-210500,-5848555000,133925315000,139773870000,284136905000,3016319021.7,3446427608.7,-2.1,117165.2,7837,1.4,108800,30700,901295000,29400,"2023-03-16T14:20:00.000Z",1678976400000,29450,29050,29100,57.5,41.3,1.3,1.1,0.7,0.3,0.7,78100,189300,9637900,2400,5544775000,3188115000,2286820000,69840000
102173.9,-210100,-5831545000,138750675000,144582220000,293902665000,3016319021.7,3446427608.7,0,117165.2,7837,1,164300,400,17010000,29350,"2023-03-16T14:25:00.000Z",1678976700000,29450,29250,29400,49.4,49.3,1.4,1.6,1.4,0.6,1,163900,332700,9970600,4500,9765760000,4825360000,4808350000,132050000
102173.9,-689600,-19784995000,138750675000,158535670000,307856115000,3016319021.7,3446427608.7,32.4,117165.2,7837,0,,-479500,-13953450000,29100,"2023-03-16T14:45:00.000Z",1678977900000,29100,29100,29100,0,100,0,,4.1,,Infinity,479500,479500,10450100,,13953450000,,13953450000,
