"abu","acum_busd","acum_busd_val","acum_val_bu","acum_val_sd","acum_val","avg_val_bu","avg_val_sd","rbusd","asd","auk","bs","bu","bu-sd","bu-sd_val","c","date","datetime","h","l","o","pbu","psd","puk","rbu","rsd","ruk","sb","sd","sum_vol","total_vol","uk","val","val_bu","val_sd","val_uk"
49834.8,-63200,-1517210000,524270000,2041480000,4092150000,1198992391.3,1134141304.3,-23.4,47382.6,5134.8,0.3,21800,-63200,-1517210000,24000,"2023-03-13T09:15:00.000Z",1678698900000,24100,24000,24000,12.8,49.9,37.3,0.4,1.8,12.4,3.9,85000,170400,170400,63600,4092150000,524270000,2041480000,1526400000
49834.8,-98700,-2362595000,1793845000,4156440000,7476685000,1198992391.3,1134141304.3,-13,47382.6,5134.8,0.6,53100,-35500,-845385000,23950,"2023-03-13T09:20:00.000Z",1678699200000,24000,23800,24000,37.5,62.5,0,1.1,1.9,,1.7,88600,141700,312100,,3384535000,1269575000,2114960000,
49834.8,-153600,-3674405000,2105845000,5780250000,9412495000,1198992391.3,1134141304.3,-20.2,47382.6,5134.8,0.2,13000,-54900,-1311810000,24000,"2023-03-13T09:25:00.000Z",1678699500000,24000,23900,24000,16.1,83.9,0,0.3,1.4,,5.2,67900,80900,393000,,1935810000,312000000,1623810000,
49834.8,-125400,-2998165000,3239530000,6237695000,11003625000,1198992391.3,1134141304.3,10.4,47382.6,5134.8,2.5,47300,28200,676240000,23950,"2023-03-13T09:30:00.000Z",1678699800000,24000,23950,23950,71.2,28.8,0,0.9,0.4,,0.4,19100,66400,459400,,1591130000,1133685000,457445000,
49834.8,-151200,-3615355000,3273060000,6888415000,11687875000,1198992391.3,1134141304.3,-9.5,47382.6,5134.8,0.1,1400,-25800,-617190000,23900,"2023-03-13T09:35:00.000Z",1678700100000,23950,23900,23950,4.9,95.1,0,0,0.6,,19.4,27200,28600,488000,,684250000,33530000,650720000,
49834.8,-206400,-4934175000,3366370000,8300545000,13193315000,1198992391.3,1134141304.3,-20.3,47382.6,5134.8,0.1,3900,-55200,-1318820000,23850,"2023-03-13T09:40:00.000Z",1678700400000,23950,23850,23900,6.2,93.8,0,0.1,1.2,,15.2,59100,63000,551000,,1505440000,93310000,1412130000,
49834.8,-270700,-6466155000,3729140000,10195295000,15450835000,1198992391.3,1134141304.3,-23.6,47382.6,5134.8,0.2,15200,-64300,-1531980000,23800,"2023-03-13T09:45:00.000Z",1678700700000,23900,23800,23850,16.1,83.9,0,0.3,1.7,,5.2,79500,94700,645700,,2257520000,362770000,1894750000,
49834.8,-356600,-8510210000,4324455000,12834665000,18709320000,1198992391.3,1134141304.3,-31.5,47382.6,5134.8,0.2,25000,-85900,-2044055000,23800,"2023-03-13T09:50:00.000Z",1678701000000,23850,23750,23850,18.3,81,0.7,0.5,2.3,0.2,4.4,110900,136900,782600,1000,3258485000,595315000,2639370000,23800000
49834.8,-477800,-11387930000,5398435000,16786365000,23735000000,1198992391.3,1134141304.3,-44.4,47382.6,5134.8,0.3,45200,-121200,-2877720000,23800,"2023-03-13T09:55:00.000Z",1678701300000,23800,23700,23800,21.4,78.6,0,0.9,3.5,,3.7,166400,211600,994200,,5025680000,1073980000,3951700000,
49834.8,-410600,-9788035000,8645195000,18433230000,28628625000,1198992391.3,1134141304.3,24.7,47382.6,5134.8,2,136600,67200,1599895000,23800,"2023-03-13T10:00:00.000Z",1678701600000,23800,23700,23800,66.3,33.7,0,2.7,1.5,,0.5,69400,206000,1200200,,4893625000,3246760000,1646865000,
49834.8,-420400,-10020140000,9424195000,19444335000,30418730000,1198992391.3,1134141304.3,-3.6,47382.6,5134.8,0.8,32800,-9800,-232105000,23700,"2023-03-13T10:05:00.000Z",1678701900000,23750,23700,23750,43.5,56.5,0,0.7,0.9,,1.3,42600,75400,1275600,,1790105000,779000000,1011105000,
49834.8,-546100,-12998380000,9535635000,22534015000,33619850000,1198992391.3,1134141304.3,-45.9,47382.6,5134.8,0,4700,-125700,-2978240000,23700,"2023-03-13T10:10:00.000Z",1678702200000,23750,23650,23700,3.5,96.5,0,0.1,2.8,,27.7,130400,135100,1410700,,3201120000,111440000,3089680000,
49834.8,-516300,-12290685000,11256110000,23546795000,36353105000,1198992391.3,1134141304.3,10.9,47382.6,5134.8,1.7,72500,29800,707695000,23750,"2023-03-13T10:15:00.000Z",1678702500000,23750,23650,23700,62.9,37.1,0,1.5,0.9,,0.6,42700,115200,1525900,,2733255000,1720475000,1012780000,
49834.8,-523100,-12452185000,11835610000,24287795000,37673605000,1198992391.3,1134141304.3,-2.5,47382.6,5134.8,0.8,24400,-6800,-161500000,23750,"2023-03-13T10:20:00.000Z",1678702800000,23750,23750,23750,43.9,56.1,0,0.5,0.7,,1.3,31200,55600,1581500,,1320500000,579500000,741000000,
49834.8,-528300,-12575540000,12448435000,25023975000,39022610000,1198992391.3,1134141304.3,-1.9,47382.6,5134.8,0.8,25800,-5200,-123355000,23750,"2023-03-13T10:25:00.000Z",1678703100000,23800,23700,23800,45.4,54.6,0,0.5,0.7,,1.2,31000,56800,1638300,,1349005000,612825000,736180000,
49834.8,-514100,-12236755000,13473820000,25710575000,40734595000,1198992391.3,1134141304.3,5.2,47382.6,5134.8,1.5,43100,14200,338785000,23800,"2023-03-13T10:30:00.000Z",1678703400000,23850,23750,23750,59.9,40.1,0,0.9,0.6,,0.7,28900,72000,1710300,,1711985000,1025385000,686600000,
49834.8,-409300,-9731515000,16084385000,25815900000,43689485000,1198992391.3,1134141304.3,38.6,47382.6,5134.8,24.8,109200,104800,2505240000,23950,"2023-03-13T10:35:00.000Z",1678703700000,23950,23850,23850,88.3,3.6,8.1,2.2,0.1,1.9,0,4400,123600,1833900,10000,2954890000,2610565000,105325000,239000000
49834.8,-276400,-6536865000,19423605000,25960470000,47173275000,1198992391.3,1134141304.3,49.3,47382.6,5134.8,23.2,138900,132900,3194650000,24150,"2023-03-13T10:40:00.000Z",1678704000000,24200,24000,24000,95.9,4.1,0,2.8,0.1,,0,6000,144900,1978800,,3483790000,3339220000,144570000,
49834.8,-416100,-9900270000,19888070000,29788340000,51465610000,1198992391.3,1134141304.3,-51.9,47382.6,5134.8,0.1,19200,-139700,-3363405000,24000,"2023-03-13T10:45:00.000Z",1678704300000,24200,24000,24150,10.8,89.2,0,0.4,3.4,,8.3,158900,178100,2156900,,4292335000,464465000,3827870000,
49834.8,-461800,-10994725000,19998185000,30992910000,52780295000,1198992391.3,1134141304.3,-16.9,47382.6,5134.8,0.1,4600,-45700,-1094455000,23900,"2023-03-13T10:50:00.000Z",1678704600000,24000,23900,24000,8.4,91.6,0,0.1,1.1,,10.9,50300,54900,2211800,,1314685000,110115000,1204570000,
49834.8,-460800,-10970670000,20344890000,31315560000,53449650000,1198992391.3,1134141304.3,0.4,47382.6,5134.8,1.1,14500,1000,24055000,23900,"2023-03-13T10:55:00.000Z",1678704900000,23950,23900,23900,51.8,48.2,0,0.3,0.3,,0.9,13500,28000,2239800,,669355000,346705000,322650000,
49834.8,-447000,-10640380000,21026510000,31666890000,54482600000,1198992391.3,1134141304.3,5.1,47382.6,5134.8,1.9,28500,13800,330290000,23900,"2023-03-13T11:00:00.000Z",1678705200000,23950,23900,23900,66,34,0,0.6,0.3,,0.5,14700,43200,2283000,,1032950000,681620000,351330000,
49834.8,-427600,-10176715000,21516465000,31693180000,54998845000,1198992391.3,1134141304.3,7.1,47382.6,5134.8,18.6,20500,19400,463665000,23900,"2023-03-13T11:05:00.000Z",1678705500000,23950,23900,23900,94.9,5.1,0,0.4,0,,0.1,1100,21600,2304600,,516245000,489955000,26290000,
49834.8,-338600,-8035170000,23682150000,31717320000,57188670000,1198992391.3,1134141304.3,33,47382.6,5134.8,90,90000,89000,2141545000,24150,"2023-03-13T11:10:00.000Z",1678705800000,24150,23950,23950,98.9,1.1,0,1.8,0,,0,1000,91000,2395600,,2189825000,2165685000,24140000,
49834.8,-347800,-8255380000,24089700000,32345080000,58223980000,1198992391.3,1134141304.3,-3.4,47382.6,5134.8,0.6,16900,-9200,-220210000,24100,"2023-03-13T11:15:00.000Z",1678706100000,24150,24000,24150,39.3,60.7,0,0.3,0.6,,1.5,26100,43000,2438600,,1035310000,407550000,627760000,
49834.8,-370700,-8805945000,24101750000,32907695000,58798645000,1198992391.3,1134141304.3,-8.5,47382.6,5134.8,0,500,-22900,-550565000,24050,"2023-03-13T11:20:00.000Z",1678706400000,24100,24000,24100,2.1,97.9,0,0,0.5,,46.8,23400,23900,2462500,,574665000,12050000,562615000,
49834.8,-348100,-8261565000,24670225000,32931790000,59391215000,1198992391.3,1134141304.3,8.4,47382.6,5134.8,23.6,23600,22600,544380000,24100,"2023-03-13T11:25:00.000Z",1678706700000,24100,24050,24050,95.9,4.1,0,0.5,0,,0,1000,24600,2487100,,592570000,568475000,24095000,
49834.8,-397300,-9445160000,25361640000,34806800000,61957640000,1198992391.3,1134141304.3,-18.3,47382.6,5134.8,0.4,28700,-49200,-1183595000,24050,"2023-03-13T13:00:00.000Z",1678712400000,24150,24000,24100,26.9,73.1,0,0.6,1.6,,2.7,77900,106600,2593700,,2566425000,691415000,1875010000,
49834.8,-392400,-9326090000,26431995000,35758085000,63979280000,1198992391.3,1134141304.3,1.8,47382.6,5134.8,1.1,44500,4900,119070000,24000,"2023-03-13T13:05:00.000Z",1678712700000,24100,24000,24000,52.9,47.1,0,0.9,0.8,,0.9,39600,84100,2677800,,2021640000,1070355000,951285000,
49834.8,-334100,-7919905000,28571695000,36491600000,66852495000,1198992391.3,1134141304.3,21.7,47382.6,5134.8,2.9,88800,58300,1406185000,24150,"2023-03-13T13:10:00.000Z",1678713000000,24150,24000,24000,74.4,25.6,0,1.8,0.6,,0.3,30500,119300,2797100,,2873215000,2139700000,733515000,
49834.8,-243500,-5726420000,31038530000,36764950000,69592680000,1198992391.3,1134141304.3,33.8,47382.6,5134.8,9,101900,90600,2193485000,24200,"2023-03-13T13:15:00.000Z",1678713300000,24300,24150,24150,90,10,0,2,0.2,,0.1,11300,113200,2910300,,2740185000,2466835000,273350000,
49834.8,-281600,-6645230000,31308810000,37954040000,71052050000,1198992391.3,1134141304.3,-14.2,47382.6,5134.8,0.2,11200,-38100,-918810000,24050,"2023-03-13T13:20:00.000Z",1678713600000,24150,24050,24150,18.5,81.5,0,0.2,1,,4.4,49300,60500,2970800,,1459370000,270280000,1189090000,
49834.8,-322900,-7637355000,32206810000,39844165000,73840175000,1198992391.3,1134141304.3,-15.3,47382.6,5134.8,0.5,37400,-41300,-992125000,24000,"2023-03-13T13:25:00.000Z",1678713900000,24100,24000,24100,32.2,67.8,0,0.8,1.7,,2.1,78700,116100,3086900,,2788125000,898000000,1890125000,
49834.8,-317800,-7514455000,32713210000,40227665000,74730075000,1198992391.3,1134141304.3,1.9,47382.6,5134.8,1.3,21100,5100,122900000,23950,"2023-03-13T13:30:00.000Z",1678714200000,24000,23950,24000,56.9,43.1,0,0.4,0.3,,0.8,16000,37100,3124000,,889900000,506400000,383500000,
49834.8,-346200,-8193575000,33313020000,41506595000,76608815000,1198992391.3,1134141304.3,-10.5,47382.6,5134.8,0.5,25000,-28400,-679120000,24000,"2023-03-13T13:35:00.000Z",1678714500000,24000,23950,23950,31.9,68.1,0,0.5,1.1,,2.1,53400,78400,3202400,,1878740000,599810000,1278930000,
49834.8,-328700,-7773500000,34114670000,41888170000,77792040000,1198992391.3,1134141304.3,6.5,47382.6,5134.8,2.1,33400,17500,420075000,24000,"2023-03-13T13:40:00.000Z",1678714800000,24050,23950,24000,67.7,32.3,0,0.7,0.3,,0.5,15900,49300,3251700,,1183225000,801650000,381575000,
49834.8,-176000,-4083785000,38289030000,42372815000,82451045000,1198992391.3,1134141304.3,56.9,47382.6,5134.8,8.6,172800,152700,3689715000,24100,"2023-03-13T13:45:00.000Z",1678715100000,24200,24000,24000,89.6,10.4,0,3.5,0.4,,0.1,20100,192900,3444600,,4659005000,4174360000,484645000,
49834.8,68500,1845560000,44923350000,43077790000,89790340000,1198992391.3,1134141304.3,91.4,47382.6,5134.8,9.4,273600,244500,5929345000,24350,"2023-03-13T13:50:00.000Z",1678715400000,24400,24100,24150,90.4,9.6,0,5.5,0.6,,0.1,29100,302700,3747300,,7339295000,6634320000,704975000,
49834.8,135300,3471535000,47369685000,43898150000,93057035000,1198992391.3,1134141304.3,25.1,47382.6,5134.8,3,100600,66800,1625975000,24200,"2023-03-13T13:55:00.000Z",1678715700000,24350,24200,24350,74.9,25.1,0,2,0.7,,0.3,33800,134400,3881700,,3266695000,2446335000,820360000,
49834.8,59500,1644535000,47599655000,45955120000,95343975000,1198992391.3,1134141304.3,-28.2,47382.6,5134.8,0.1,9500,-75800,-1827000000,24100,"2023-03-13T14:00:00.000Z",1678716000000,24250,24050,24200,10,90,0,0.2,1.8,,9,85300,94800,3976500,,2286940000,229970000,2056970000,
49834.8,64500,1767400000,48318075000,46550675000,96657950000,1198992391.3,1134141304.3,1.9,47382.6,5134.8,1.2,29800,5000,122865000,24150,"2023-03-13T14:05:00.000Z",1678716300000,24150,24000,24050,54.6,45.4,0,0.6,0.5,,0.8,24800,54600,4031100,,1313975000,718420000,595555000,
49834.8,54700,1530975000,48650655000,47119680000,97559535000,1198992391.3,1134141304.3,-3.6,47382.6,5134.8,0.6,13800,-9800,-236425000,24100,"2023-03-13T14:10:00.000Z",1678716600000,24150,24100,24150,36.9,63.1,0,0.3,0.5,,1.7,23600,37400,4068500,,901585000,332580000,569005000,
49834.8,-50700,-999975000,48965585000,49965560000,100720345000,1198992391.3,1134141304.3,-39,47382.6,5134.8,0.1,13100,-105400,-2530950000,24000,"2023-03-13T14:15:00.000Z",1678716900000,24100,23950,24100,10,90,0,0.3,2.5,,9,118500,131600,4200100,,3160810000,314930000,2845880000,
49834.8,85400,2311520000,53388360000,51076840000,106254400000,1198992391.3,1134141304.3,51.1,47382.6,5134.8,3.9,182400,136100,3311495000,24400,"2023-03-13T14:20:00.000Z",1678717200000,24450,24000,24000,79.8,20.2,0,3.7,1,,0.3,46300,228700,4428800,,5534055000,4422775000,1111280000,
49834.8,112800,2983150000,55153650000,52170500000,109113350000,1198992391.3,1134141304.3,10.4,47382.6,5134.8,1.6,72600,27400,671630000,24200,"2023-03-13T14:25:00.000Z",1678717500000,24400,24100,24400,61.6,38.4,0,1.5,1,,0.6,45200,117800,4546600,,2858950000,1765290000,1093660000,
49834.8,112800,2983150000,55153650000,52170500000,112991750000,1198992391.3,1134141304.3,0,47382.6,5134.8,NaN,,0,0,24000,"2023-03-13T14:45:00.000Z",1678718700000,24000,24000,24000,0,0,100,,,31.5,NaN,,161600,4708200,161600,3878400000,,,3878400000
