"abu","acum_busd","acum_busd_val","acum_val_bu","acum_val_sd","acum_val","avg_val_bu","avg_val_sd","rbusd","asd","auk","bs","bu","bu-sd","bu-sd_val","c","date","datetime","h","l","o","pbu","psd","puk","rbu","rsd","ruk","sb","sd","sum_vol","total_vol","uk","val","val_bu","val_sd","val_uk"
17091.3,42400,1053580000,2024065000,970485000,2994550000,424260000,753376304.3,-3.2,30465.2,23.9,2.1,81600,42400,1053580000,24950,"2023-03-13T09:15:00.000Z",1678698900000,25000,24650,24850,67.5,32.5,0,4.8,1.3,,0.5,39200,120800,120800,,2994550000,2024065000,970485000,
17091.3,22200,552930000,2589495000,2036565000,4626060000,424260000,753376304.3,1.5,30465.2,23.9,0.5,22700,-20200,-500650000,24950,"2023-03-13T09:20:00.000Z",1678699200000,25000,24800,24950,34.6,65.4,0,1.3,1.4,,1.9,42900,65600,186400,,1631510000,565430000,1066080000,
17091.3,11500,287150000,2999895000,2712745000,5712640000,424260000,753376304.3,0.8,30465.2,23.9,0.6,16500,-10700,-265780000,24850,"2023-03-13T09:25:00.000Z",1678699500000,24950,24800,24900,37.8,62.2,0,1,0.9,,1.6,27200,43700,230100,,1086580000,410400000,676180000,
17091.3,27000,673590000,3567610000,2894020000,6461630000,424260000,753376304.3,-1.2,30465.2,23.9,3.1,22800,15500,386440000,24850,"2023-03-13T09:30:00.000Z",1678699800000,24900,24800,24850,75.7,24.3,0,1.3,0.2,,0.3,7300,30100,260200,,748990000,567715000,181275000,
17091.3,34100,850460000,3848985000,2998525000,6847510000,424260000,753376304.3,-0.5,30465.2,23.9,2.7,11300,7100,176870000,24900,"2023-03-13T09:35:00.000Z",1678700100000,24950,24850,24850,72.9,27.1,0,0.7,0.1,,0.4,4200,15500,275700,,385880000,281375000,104505000,
17091.3,-35000,-865190000,4025535000,4890725000,8916260000,424260000,753376304.3,5.2,30465.2,23.9,0.1,7100,-69100,-1715650000,24750,"2023-03-13T09:40:00.000Z",1678700400000,24900,24750,24900,8.5,91.5,0,0.4,2.5,,10.7,76200,83300,359000,,2068750000,176550000,1892200000,
17091.3,-82600,-2040855000,4372275000,6413130000,10785405000,424260000,753376304.3,3.6,30465.2,23.9,0.2,14000,-47600,-1175665000,24650,"2023-03-13T09:45:00.000Z",1678700700000,24800,24650,24750,18.5,81.5,0,0.8,2,,4.4,61600,75600,434600,,1869145000,346740000,1522405000,
17091.3,-58300,-1439915000,5146040000,6585955000,11734470000,424260000,753376304.3,-1.8,30465.2,23.9,4.5,31300,24300,600940000,24750,"2023-03-13T09:50:00.000Z",1678701000000,24750,24650,24650,81.5,18.2,0.3,1.8,0.2,4.2,0.2,7000,38400,473000,100,949065000,773765000,172825000,2475000
17091.3,-79400,-1961965000,5153465000,7115430000,12271370000,424260000,753376304.3,1.6,30465.2,23.9,0,300,-21100,-522050000,24700,"2023-03-13T09:55:00.000Z",1678701300000,24750,24700,24750,1.4,98.6,0,0,0.7,,71.3,21400,21700,494700,,536900000,7425000,529475000,
17091.3,-126700,-3128165000,5464135000,8592300000,14058910000,424260000,753376304.3,3.5,30465.2,23.9,0.2,12600,-47300,-1166200000,24650,"2023-03-13T10:00:00.000Z",1678701600000,24750,24600,24700,17.4,82.6,0,0.7,2,,4.8,59900,72500,567200,,1787540000,310670000,1476870000,
17091.3,-149600,-3692175000,5809425000,9501600000,15313500000,424260000,753376304.3,1.7,30465.2,23.9,0.4,14000,-22900,-564010000,24650,"2023-03-13T10:05:00.000Z",1678701900000,24700,24600,24600,27.5,72.5,0,0.8,1.2,,2.6,36900,50900,618100,,1254590000,345290000,909300000,
17091.3,-193400,-4769500000,6050655000,10820155000,16873285000,424260000,753376304.3,3.3,30465.2,23.9,0.2,9800,-43800,-1077325000,24600,"2023-03-13T10:10:00.000Z",1678702200000,24650,24550,24650,15.5,84.5,0,0.6,1.8,,5.5,53600,63400,681500,,1559785000,241230000,1318555000,
17091.3,-170800,-4213705000,6702580000,10916285000,17621340000,424260000,753376304.3,-1.7,30465.2,23.9,6.8,26500,22600,555795000,24650,"2023-03-13T10:15:00.000Z",1678702500000,24650,24600,24600,87.2,12.8,0,1.6,0.1,,0.1,3900,30400,711900,,748055000,651925000,96130000,
17091.3,-172200,-4248730000,7214450000,11463180000,18680105000,424260000,753376304.3,0.1,30465.2,23.9,0.9,20700,-1400,-35025000,24800,"2023-03-13T10:20:00.000Z",1678702800000,24800,24700,24700,48.4,51.6,0,1.2,0.7,,1.1,22100,42800,754700,,1058765000,511870000,546895000,
17091.3,-153700,-3789930000,7712930000,11502860000,19218265000,424260000,753376304.3,-1.4,30465.2,23.9,12.6,20100,18500,458800000,24800,"2023-03-13T10:25:00.000Z",1678703100000,24800,24800,24800,92.6,7.4,0,1.2,0.1,,0.1,1600,21700,776400,,538160000,498480000,39680000,
17091.3,-140500,-3462035000,8090425000,11552460000,19645360000,424260000,753376304.3,-1,30465.2,23.9,7.6,15200,13200,327895000,24850,"2023-03-13T10:30:00.000Z",1678703400000,24850,24800,24800,88.4,11.6,0,0.9,0.1,,0.1,2000,17200,793600,,427095000,377495000,49600000,
17091.3,-117100,-2878870000,8735765000,11614635000,20352875000,424260000,753376304.3,-1.8,30465.2,23.9,10.4,25900,23400,583165000,24850,"2023-03-13T10:35:00.000Z",1678703700000,24950,24850,24850,91.2,8.8,0,1.5,0.1,,0.1,2500,28400,822000,,707515000,645340000,62175000,
17091.3,-86400,-2110525000,9516585000,11627110000,21146170000,424260000,753376304.3,-2.3,30465.2,23.9,62.4,31200,30700,768345000,25150,"2023-03-13T10:40:00.000Z",1678704000000,25150,24950,24950,98.4,1.6,0,1.8,0,,0,500,31700,853700,,793295000,780820000,12475000,
17091.3,-91000,-2225195000,9657395000,11882590000,21542460000,424260000,753376304.3,0.3,30465.2,23.9,0.5,5600,-4600,-114670000,24950,"2023-03-13T10:45:00.000Z",1678704300000,25150,24950,25100,35.4,64.6,0,0.3,0.3,,1.8,10200,15800,869500,,396290000,140810000,255480000,
17091.3,-102100,-2501960000,9707380000,12209340000,21919195000,424260000,753376304.3,0.8,30465.2,23.9,0.2,2000,-11100,-276765000,24900,"2023-03-13T10:50:00.000Z",1678704600000,25000,24850,24950,13.2,86.8,0,0.1,0.4,,6.6,13100,15100,884600,,376735000,49985000,326750000,
17091.3,-102000,-2499365000,9762160000,12261525000,22026160000,424260000,753376304.3,0,30465.2,23.9,1,2200,100,2595000,24900,"2023-03-13T10:55:00.000Z",1678704900000,24900,24850,24850,51.2,48.8,0,0.1,0.1,,1,2100,4300,888900,,106965000,54780000,52185000,
17091.3,-113200,-2777570000,9824410000,12601980000,22428865000,424260000,753376304.3,0.8,30465.2,23.9,0.2,2500,-11200,-278205000,24850,"2023-03-13T11:00:00.000Z",1678705200000,24900,24850,24900,15.4,84.6,0,0.1,0.4,,5.5,13700,16200,905100,,402705000,62250000,340455000,
17091.3,-116100,-2849300000,9889220000,12738520000,22630215000,424260000,753376304.3,0.2,30465.2,23.9,0.5,2600,-2900,-71730000,24900,"2023-03-13T11:05:00.000Z",1678705500000,24950,24800,24850,32.1,67.9,0,0.2,0.2,,2.1,5500,8100,913200,,201350000,64810000,136540000,
17091.3,-123600,-3035895000,9966565000,13002460000,22971500000,424260000,753376304.3,0.6,30465.2,23.9,0.3,3100,-7500,-186595000,24900,"2023-03-13T11:10:00.000Z",1678705800000,24950,24900,24950,22.6,77.4,0,0.2,0.3,,3.4,10600,13700,926900,,341285000,77345000,263940000,
17091.3,-131200,-3224865000,10430635000,13655500000,24088610000,424260000,753376304.3,0.6,30465.2,23.9,0.7,18600,-7600,-188970000,24900,"2023-03-13T11:15:00.000Z",1678706100000,24950,24900,24950,41.5,58.5,0,1.1,0.9,,1.4,26200,44800,971700,,1117110000,464070000,653040000,
17091.3,-140100,-3445880000,10679620000,14125500000,24807595000,424260000,753376304.3,0.7,30465.2,23.9,0.5,10000,-8900,-221015000,24850,"2023-03-13T11:20:00.000Z",1678706400000,24900,24850,24900,34.6,65.4,0,0.6,0.6,,1.9,18900,28900,1000600,,718985000,248985000,470000000,
17091.3,-147500,-3629670000,10756780000,14386450000,25145705000,424260000,753376304.3,0.6,30465.2,23.9,0.3,3100,-7400,-183790000,24900,"2023-03-13T11:25:00.000Z",1678706700000,24950,24850,24850,22.8,77.2,0,0.2,0.3,,3.4,10500,13600,1014200,,338110000,77160000,260950000,
17091.3,-141500,-3479615000,11070895000,14550510000,25623880000,424260000,753376304.3,-0.5,30465.2,23.9,1.9,12600,6000,150055000,24850,"2023-03-13T13:00:00.000Z",1678712400000,25000,24850,24900,65.6,34.4,0,0.7,0.2,,0.5,6600,19200,1033400,,478175000,314115000,164060000,
17091.3,-149600,-3680900000,11147930000,14828830000,25979235000,424260000,753376304.3,0.6,30465.2,23.9,0.3,3100,-8100,-201285000,24850,"2023-03-13T13:05:00.000Z",1678712700000,24850,24850,24850,21.7,78.3,0,0.2,0.4,,3.6,11200,14300,1047700,,355355000,77035000,278320000,
17091.3,-190400,-4693215000,11277235000,15970450000,27250160000,424260000,753376304.3,3.1,30465.2,23.9,0.1,5200,-40800,-1012315000,24800,"2023-03-13T13:10:00.000Z",1678713000000,24900,24800,24850,10.2,89.8,0,0.3,1.5,,8.8,46000,51200,1098900,,1270925000,129305000,1141620000,
17091.3,-240700,-5938735000,11579630000,17518365000,29100470000,424260000,753376304.3,3.8,30465.2,23.9,0.2,12200,-50300,-1245520000,24800,"2023-03-13T13:15:00.000Z",1678713300000,24800,24750,24800,16.3,83.7,0,0.7,2.1,,5.1,62500,74700,1173600,,1850310000,302395000,1547915000,
17091.3,-285800,-7052080000,11587060000,18639140000,30228675000,424260000,753376304.3,3.4,30465.2,23.9,0,300,-45100,-1113345000,24650,"2023-03-13T13:20:00.000Z",1678713600000,24800,24650,24800,0.7,99.3,0,0,1.5,,151.3,45400,45700,1219300,,1128205000,7430000,1120775000,
17091.3,-315900,-7790150000,12700840000,20490990000,33194305000,424260000,753376304.3,2.2,30465.2,23.9,0.6,45100,-30100,-738070000,24700,"2023-03-13T13:25:00.000Z",1678713900000,24700,24600,24700,37.5,62.5,0,2.6,2.5,,1.7,75200,120300,1339600,,2965630000,1113780000,1851850000,
17091.3,-317800,-7837125000,12715690000,20552815000,33270980000,424260000,753376304.3,0.1,30465.2,23.9,0.2,600,-1900,-46975000,24750,"2023-03-13T13:30:00.000Z",1678714200000,24750,24700,24700,19.4,80.6,0,0,0.1,,4.2,2500,3100,1342700,,76675000,14850000,61825000,
17091.3,-356200,-8785410000,12740440000,21525850000,34268765000,424260000,753376304.3,2.9,30465.2,23.9,0,1000,-38400,-948285000,24650,"2023-03-13T13:35:00.000Z",1678714500000,24750,24650,24700,2.5,97.5,0,0.1,1.3,,39.4,39400,40400,1383100,,997785000,24750000,973035000,
17091.3,-368900,-9099100000,12831830000,21930930000,34765235000,424260000,753376304.3,1,30465.2,23.9,0.2,3700,-12700,-313690000,24700,"2023-03-13T13:40:00.000Z",1678714800000,24700,24700,24700,18.4,81.6,0,0.2,0.5,,4.4,16400,20100,1403200,,496470000,91390000,405080000,
17091.3,-417400,-10296135000,13235255000,23531390000,36769120000,424260000,753376304.3,3.6,30465.2,23.9,0.3,16300,-48500,-1197035000,24650,"2023-03-13T13:45:00.000Z",1678715100000,24750,24650,24750,20.1,79.9,0,1,2.1,,4,64800,81100,1484300,,2003885000,403425000,1600460000,
17091.3,-383500,-9455205000,14432505000,23887710000,38322690000,424260000,753376304.3,-2.6,30465.2,23.9,3.4,48300,33900,840930000,24800,"2023-03-13T13:50:00.000Z",1678715400000,24800,24700,24700,77,23,0,2.8,0.5,,0.3,14400,62700,1547000,,1553570000,1197250000,356320000,
17091.3,-289000,-7102865000,17151500000,24254365000,41423280000,424260000,753376304.3,-7.1,30465.2,23.9,7.4,109200,94500,2352340000,24900,"2023-03-13T13:55:00.000Z",1678715700000,25000,24850,24850,87.7,11.8,0.5,6.4,0.5,25.1,0.1,14700,124500,1671500,600,3100590000,2718995000,366655000,14940000
17091.3,-334900,-8243690000,17178925000,25422615000,42618955000,424260000,753376304.3,3.5,30465.2,23.9,0,1100,-45900,-1140825000,24750,"2023-03-13T14:00:00.000Z",1678716000000,24950,24750,24900,2.3,97.7,0,0.1,1.5,,42.7,47000,48100,1719600,,1195675000,27425000,1168250000,
17091.3,-340000,-8369840000,17330255000,25700095000,43047765000,424260000,753376304.3,0.4,30465.2,23.9,0.5,6100,-5100,-126150000,24800,"2023-03-13T14:05:00.000Z",1678716300000,24850,24750,24750,35.3,64.7,0,0.4,0.4,,1.8,11200,17300,1736900,,428810000,151330000,277480000,
17091.3,-323000,-7946940000,17787955000,25734895000,43540265000,424260000,753376304.3,-1.3,30465.2,23.9,13.1,18400,17000,422900000,24900,"2023-03-13T14:10:00.000Z",1678716600000,24900,24800,24850,92.9,7.1,0,1.1,0,,0.1,1400,19800,1756700,,492500000,457700000,34800000,
17091.3,-344200,-8473325000,17989100000,26462425000,44468940000,424260000,753376304.3,1.6,30465.2,23.9,0.3,8100,-21200,-526385000,24800,"2023-03-13T14:15:00.000Z",1678716900000,24900,24750,24900,21.7,78.3,0,0.5,1,,3.6,29300,37400,1794100,,928675000,201145000,727530000,
17091.3,-365900,-9011275000,18438740000,27450015000,45916110000,424260000,753376304.3,1.6,30465.2,23.9,0.5,18100,-21700,-537950000,24900,"2023-03-13T14:20:00.000Z",1678717200000,24900,24750,24800,31,68.3,0.7,1.1,1.3,16.7,2.2,39800,58300,1852400,400,1447170000,449640000,987590000,9940000
17091.3,-477400,-11763250000,19515960000,31279210000,50822525000,424260000,753376304.3,8.4,30465.2,23.9,0.3,43500,-111500,-2751975000,24600,"2023-03-13T14:25:00.000Z",1678717500000,24900,24550,24900,21.9,78.1,0,2.5,5.1,,3.6,155000,198500,2050900,,4906415000,1077220000,3829195000,
17091.3,-615200,-15139350000,19515960000,34655310000,54198625000,424260000,753376304.3,10.3,30465.2,23.9,0,,-137800,-3376100000,24500,"2023-03-13T14:45:00.000Z",1678718700000,24500,24500,24500,0,100,0,,4.5,,Infinity,137800,137800,2188700,,3376100000,,3376100000,
