"abu","acum_busd","acum_busd_val","acum_val_bu","acum_val_sd","acum_val","avg_val_bu","avg_val_sd","rbusd","asd","auk","bs","bu","bu-sd","bu-sd_val","c","date","datetime","h","l","o","pbu","psd","puk","rbu","rsd","ruk","sb","sd","sum_vol","total_vol","uk","val","val_bu","val_sd","val_uk"
12171.7,-35500,-883300000,476265000,1359565000,1835830000,302089347.8,545431630.4,3.6,22010.9,2745.7,0.3,19100,-35500,-883300000,25050,"2023-03-13T09:15:00.000Z",1678698900000,25050,24850,24900,25.9,74.1,0,1.6,2.5,,2.9,54600,73700,73700,,1835830000,476265000,1359565000,
12171.7,-30300,-752060000,610010000,1362070000,1977120000,302089347.8,545431630.4,-0.5,22010.9,2745.7,53,5300,5200,131240000,25300,"2023-03-13T09:20:00.000Z",1678699200000,25300,25050,25050,94.6,1.8,3.6,0.4,0,0.1,0,100,5600,79300,200,141290000,133745000,2505000,5040000
12171.7,-35600,-886360000,848350000,1734710000,2588100000,302089347.8,545431630.4,0.6,22010.9,2745.7,0.6,9400,-5300,-134300000,25200,"2023-03-13T09:25:00.000Z",1678699500000,25400,25200,25300,39,61,0,0.8,0.7,,1.6,14700,24100,103400,,610980000,238340000,372640000,
12171.7,-45900,-1145920000,853390000,1999310000,2857740000,302089347.8,545431630.4,1.1,22010.9,2745.7,0,200,-10300,-259560000,25200,"2023-03-13T09:30:00.000Z",1678699800000,25200,25200,25200,1.9,98.1,0,0,0.5,,52.5,10500,10700,114100,,269640000,5040000,264600000,
12171.7,-45700,-1140875000,860950000,2001825000,2867815000,302089347.8,545431630.4,0,22010.9,2745.7,3,300,200,5045000,25150,"2023-03-13T09:35:00.000Z",1678700100000,25200,25150,25200,75,25,0,0,0,,0.3,100,400,114500,,10075000,7560000,2515000,
12171.7,-43800,-1093120000,936310000,2029430000,2970780000,302089347.8,545431630.4,-0.2,22010.9,2745.7,2.7,3000,1900,47755000,25050,"2023-03-13T09:40:00.000Z",1678700400000,25150,25050,25150,73.2,26.8,0,0.2,0,,0.4,1100,4100,118600,,102965000,75360000,27605000,
12171.7,-88000,-2198445000,961320000,3159765000,4126125000,302089347.8,545431630.4,4.5,22010.9,2745.7,0,1000,-44200,-1105325000,25000,"2023-03-13T09:45:00.000Z",1678700700000,25050,24900,25050,2.2,97.8,0,0.1,2.1,,45.2,45200,46200,164800,,1155345000,25010000,1130335000,
12171.7,-82300,-2055895000,1131315000,3187210000,4348515000,302089347.8,545431630.4,-0.6,22010.9,2745.7,6.2,6800,5700,142550000,24950,"2023-03-13T09:50:00.000Z",1678701000000,25000,24950,25000,76.4,12.4,11.2,0.6,0,0.4,0.2,1100,8900,173700,1000,222390000,169995000,27445000,24950000
12171.7,-79400,-1983365000,1228795000,3212160000,4470945000,302089347.8,545431630.4,-0.3,22010.9,2745.7,3.9,3900,2900,72530000,24950,"2023-03-13T09:55:00.000Z",1678701300000,25000,24950,24950,79.6,20.4,0,0.3,0,,0.3,1000,4900,178600,,122430000,97480000,24950000,
12171.7,-91100,-2275265000,1585585000,3860850000,5476425000,302089347.8,545431630.4,1.2,22010.9,2745.7,0.6,14300,-11700,-291900000,24900,"2023-03-13T10:00:00.000Z",1678701600000,25000,24900,24950,35.5,64.5,0,1.2,1.2,,1.8,26000,40300,218900,,1005480000,356790000,648690000,
12171.7,-91000,-2272755000,1595565000,3868320000,5493875000,302089347.8,545431630.4,0,22010.9,2745.7,1.3,400,100,2510000,24950,"2023-03-13T10:05:00.000Z",1678701900000,24950,24900,24950,57.1,42.9,0,0,0,,0.8,300,700,219600,,17450000,9980000,7470000,
12171.7,-114800,-2865360000,1685210000,4550570000,6265770000,302089347.8,545431630.4,2.4,22010.9,2745.7,0.1,3600,-23800,-592605000,24900,"2023-03-13T10:10:00.000Z",1678702200000,24950,24850,24950,11.6,88.4,0,0.3,1.2,,7.6,27400,31000,250600,,771895000,89645000,682250000,
12171.7,-111100,-2773060000,1879800000,4652860000,6562650000,302089347.8,545431630.4,-0.4,22010.9,2745.7,1.9,7800,3700,92300000,25000,"2023-03-13T10:15:00.000Z",1678702500000,25000,24900,24900,65.5,34.5,0,0.6,0.2,,0.5,4100,11900,262500,,296880000,194590000,102290000,
12171.7,-136100,-3396765000,1904795000,5301560000,7236345000,302089347.8,545431630.4,2.6,22010.9,2745.7,0,1000,-25000,-623705000,24950,"2023-03-13T10:20:00.000Z",1678702800000,25000,24950,25000,3.7,96.3,0,0.1,1.2,,26,26000,27000,289500,,673695000,24995000,648700000,
12171.7,-141400,-3528650000,1919765000,5448415000,7410620000,302089347.8,545431630.4,0.5,22010.9,2745.7,0.1,600,-5300,-131885000,24900,"2023-03-13T10:25:00.000Z",1678703100000,24950,24850,24950,8.6,84.3,7.1,0,0.3,0.2,9.8,5900,7000,296500,500,174275000,14970000,146855000,12450000
12171.7,-157300,-3923805000,1974655000,5898460000,7915555000,302089347.8,545431630.4,1.6,22010.9,2745.7,0.1,2200,-15900,-395155000,24850,"2023-03-13T10:30:00.000Z",1678703400000,24950,24850,24900,10.8,89.2,0,0.2,0.8,,8.2,18100,20300,316800,,504935000,54890000,450045000,
12171.7,-94100,-2343305000,4056500000,6399805000,10498745000,302089347.8,545431630.4,-6.5,22010.9,2745.7,4.1,83300,63200,1580500000,25000,"2023-03-13T10:35:00.000Z",1678703700000,25000,24900,24950,80.6,19.4,0,6.8,0.9,,0.2,20100,103400,420200,,2583190000,2081845000,501345000,
12171.7,-104600,-2605625000,4354180000,6959805000,11356425000,302089347.8,545431630.4,1.1,22010.9,2745.7,0.5,11900,-10500,-262320000,25000,"2023-03-13T10:40:00.000Z",1678704000000,25050,25000,25000,34.7,65.3,0,1,1,,1.9,22400,34300,454500,,857680000,297680000,560000000,
12171.7,-91200,-2269850000,5099230000,7369080000,12510750000,302089347.8,545431630.4,-1.4,22010.9,2745.7,1.8,29800,13400,335775000,25000,"2023-03-13T10:45:00.000Z",1678704300000,25050,24950,25000,64.5,35.5,0,2.4,0.7,,0.6,16400,46200,500700,,1154325000,745050000,409275000,
12171.7,-107500,-2675760000,5223985000,7899745000,13166170000,302089347.8,545431630.4,1.7,22010.9,2745.7,0.2,5000,-16300,-405910000,24950,"2023-03-13T10:50:00.000Z",1678704600000,25000,24900,25000,19,81,0,0.4,1,,4.3,21300,26300,527000,,655420000,124755000,530665000,
12171.7,-106900,-2660415000,5426080000,8086495000,13555015000,302089347.8,545431630.4,-0.1,22010.9,2745.7,1.1,8100,600,15345000,24950,"2023-03-13T10:55:00.000Z",1678704900000,24950,24900,24900,51.9,48.1,0,0.7,0.3,,0.9,7500,15600,542600,,388845000,202095000,186750000,
12171.7,-123400,-3071150000,5518325000,8589475000,14150240000,302089347.8,545431630.4,1.7,22010.9,2745.7,0.2,3700,-16500,-410735000,24900,"2023-03-13T11:00:00.000Z",1678705200000,24950,24900,24950,15.5,84.5,0,0.3,0.9,,5.5,20200,23900,566500,,595225000,92245000,502980000,
12171.7,-143100,-3561175000,5916735000,9477910000,15442065000,302089347.8,545431630.4,2,22010.9,2745.7,0.4,16000,-19700,-490025000,24900,"2023-03-13T11:05:00.000Z",1678705500000,24950,24850,24900,30.8,68.8,0.4,1.3,1.6,0.1,2.2,35700,51900,618400,200,1291825000,398410000,888435000,4980000
12171.7,-172500,-4293095000,5986595000,10279690000,16313705000,302089347.8,545431630.4,3,22010.9,2745.7,0.1,2800,-29400,-731920000,24900,"2023-03-13T11:10:00.000Z",1678705800000,24950,24900,24900,8,92,0,0.2,1.5,,11.5,32200,35000,653400,,871640000,69860000,801780000,
12171.7,-186500,-4641405000,6429850000,11071255000,17548525000,302089347.8,545431630.4,1.4,22010.9,2745.7,0.6,17800,-14000,-348310000,24900,"2023-03-13T11:15:00.000Z",1678706100000,24950,24850,24900,35.9,64.1,0,1.5,1.4,,1.8,31800,49600,703000,,1234820000,443255000,791565000,
12171.7,-183300,-4560940000,6902950000,11463890000,18414260000,302089347.8,545431630.4,-0.3,22010.9,2745.7,1.2,19000,3200,80465000,24900,"2023-03-13T11:20:00.000Z",1678706400000,24900,24850,24900,54.6,45.4,0,1.6,0.7,,0.8,15800,34800,737800,,865735000,473100000,392635000,
12171.7,-198800,-4946015000,6952750000,11898765000,18898935000,302089347.8,545431630.4,1.6,22010.9,2745.7,0.1,2000,-15500,-385075000,24850,"2023-03-13T11:25:00.000Z",1678706700000,24900,24850,24900,10.3,89.7,0,0.2,0.8,,8.8,17500,19500,757300,,484675000,49800000,434875000,
12171.7,-198700,-4942975000,7229140000,12172115000,19448675000,302089347.8,545431630.4,0,22010.9,2745.7,1,11100,100,3040000,24900,"2023-03-13T13:00:00.000Z",1678712400000,24900,24850,24850,50.2,49.8,0,0.9,0.5,,1,11000,22100,779400,,549740000,276390000,273350000,
12171.7,-216400,-5382740000,7281405000,12664145000,19992970000,302089347.8,545431630.4,1.8,22010.9,2745.7,0.1,2100,-17700,-439765000,24900,"2023-03-13T13:05:00.000Z",1678712700000,24900,24850,24900,9.6,90.4,0,0.2,0.9,,9.4,19800,21900,801300,,544295000,52265000,492030000,
12171.7,-222800,-5541740000,7594555000,13136295000,20778270000,302089347.8,545431630.4,0.7,22010.9,2745.7,0.7,12600,-6400,-159000000,24850,"2023-03-13T13:10:00.000Z",1678713000000,24900,24850,24900,39.9,60.1,0,1,0.9,,1.5,19000,31600,832900,,785300000,313150000,472150000,
12171.7,-221200,-5501760000,7808265000,13310025000,21165710000,302089347.8,545431630.4,-0.2,22010.9,2745.7,1.2,8600,1600,39980000,24850,"2023-03-13T13:15:00.000Z",1678713300000,24850,24800,24850,55.1,44.9,0,0.7,0.3,,0.8,7000,15600,848500,,387440000,213710000,173730000,
12171.7,-251100,-6242715000,8163620000,14406335000,22617375000,302089347.8,545431630.4,3,22010.9,2745.7,0.3,14300,-29900,-740955000,24800,"2023-03-13T13:20:00.000Z",1678713600000,24900,24800,24850,24.4,75.6,0,1.2,2,,3.1,44200,58500,907000,,1451665000,355355000,1096310000,
12171.7,-252800,-6284265000,8540195000,14824460000,23412075000,302089347.8,545431630.4,0.2,22010.9,2745.7,0.9,15200,-1700,-41550000,24750,"2023-03-13T13:25:00.000Z",1678713900000,24800,24700,24800,47.4,52.6,0,1.2,0.8,,1.1,16900,32100,939100,,794700000,376575000,418125000,
12171.7,-265400,-6595155000,8703545000,15298700000,24049665000,302089347.8,545431630.4,1.3,22010.9,2745.7,0.3,6600,-12600,-310890000,24750,"2023-03-13T13:30:00.000Z",1678714200000,24750,24700,24750,25.6,74.4,0,0.5,0.9,,2.9,19200,25800,964900,,637590000,163350000,474240000,
12171.7,-310000,-7695325000,8802335000,16497660000,25354810000,302089347.8,545431630.4,4.5,22010.9,2745.7,0.1,4000,-44600,-1100170000,24600,"2023-03-13T13:35:00.000Z",1678714500000,24700,24600,24700,7.6,91.9,0.6,0.3,2.2,0.1,12.2,48600,52900,1017800,300,1305145000,98790000,1198960000,7395000
12171.7,-309700,-7687865000,9016850000,16704715000,25776380000,302089347.8,545431630.4,0,22010.9,2745.7,1,8700,300,7460000,24700,"2023-03-13T13:40:00.000Z",1678714800000,24700,24600,24650,50.9,49.1,0,0.7,0.4,,1,8400,17100,1034900,,421570000,214515000,207055000,
12171.7,-299300,-7430600000,9525780000,16956380000,26536975000,302089347.8,545431630.4,-1.1,22010.9,2745.7,2,20600,10400,257265000,24700,"2023-03-13T13:45:00.000Z",1678715100000,24750,24600,24700,66.9,33.1,0,1.7,0.5,,0.5,10200,30800,1065700,,760595000,508930000,251665000,
12171.7,-282600,-7017730000,10121430000,17139160000,27315405000,302089347.8,545431630.4,-1.7,22010.9,2745.7,3.3,24100,16700,412870000,24750,"2023-03-13T13:50:00.000Z",1678715400000,24750,24700,24700,76.5,23.5,0,2,0.3,,0.3,7400,31500,1097200,,778430000,595650000,182780000,
12171.7,-292900,-7271655000,10515115000,17786770000,28356700000,302089347.8,545431630.4,1,22010.9,2745.7,0.6,15900,-10300,-253925000,24700,"2023-03-13T13:55:00.000Z",1678715700000,24800,24700,24750,37.8,62.2,0,1.3,1.2,,1.6,26200,42100,1139300,,1041295000,393685000,647610000,
12171.7,-350700,-8696395000,10529935000,19226330000,29811080000,302089347.8,545431630.4,5.9,22010.9,2745.7,0,600,-57800,-1424740000,24650,"2023-03-13T14:00:00.000Z",1678716000000,24700,24650,24700,1,99,0,0,2.7,,97.3,58400,59000,1198300,,1454380000,14820000,1439560000,
12171.7,-401000,-9933320000,10781310000,20714630000,31550755000,302089347.8,545431630.4,5.1,22010.9,2745.7,0.2,10200,-50300,-1236925000,24600,"2023-03-13T14:05:00.000Z",1678716300000,24650,24600,24650,14.4,85.6,0,0.8,2.7,,5.9,60500,70700,1269000,,1739675000,251375000,1488300000,
12171.7,-400100,-9910575000,11101110000,21011685000,32167610000,302089347.8,545431630.4,-0.1,22010.9,2745.7,1.1,13000,900,22745000,24600,"2023-03-13T14:10:00.000Z",1678716600000,24600,24550,24550,51.8,48.2,0,1.1,0.5,,0.9,12100,25100,1294100,,616855000,319800000,297055000,
12171.7,-499000,-12334195000,11275750000,23609945000,34940510000,302089347.8,545431630.4,10,22010.9,2745.7,0.1,7100,-98900,-2423620000,24450,"2023-03-13T14:15:00.000Z",1678716900000,24600,24450,24600,6.3,93.7,0,0.6,4.8,,14.9,106000,113100,1407200,,2772900000,174640000,2598260000,
12171.7,-436300,-10794375000,13650920000,24445295000,38273530000,302089347.8,545431630.4,-6.3,22010.9,2745.7,2.8,96900,62700,1539820000,24600,"2023-03-13T14:20:00.000Z",1678717200000,24600,24400,24450,71.2,25.1,3.7,8,1.6,1.8,0.4,34200,136100,1543300,5000,3333020000,2375170000,835350000,122500000
12171.7,-452600,-11193745000,13896110000,25089855000,39182890000,302089347.8,545431630.4,1.6,22010.9,2745.7,0.4,10000,-16300,-399370000,24500,"2023-03-13T14:25:00.000Z",1678717500000,24600,24450,24600,27,70.9,2.2,0.8,1.2,0.3,2.6,26300,37100,1580400,800,909360000,245190000,644560000,19610000
12171.7,-452600,-11193745000,13896110000,25089855000,42069410000,302089347.8,545431630.4,0,22010.9,2745.7,NaN,,0,0,24400,"2023-03-13T14:45:00.000Z",1678718700000,24400,24400,24400,0,0,100,,,43.1,NaN,,118300,1698700,118300,2886520000,,,2886520000
