"abu","acum_busd","acum_busd_val","acum_val_bu","acum_val_sd","acum_val","avg_val_bu","avg_val_sd","rbusd","asd","auk","bs","bu","bu-sd","bu-sd_val","c","date","datetime","h","l","o","pbu","psd","puk","rbu","rsd","ruk","sb","sd","sum_vol","total_vol","uk","val","val_bu","val_sd","val_uk"
199025.5,-331800,-4727940000,7501235000,12229175000,19730410000,2897218085.1,2759036276.6,-34.2,190438.3,7859.6,0.6,520600,-331800,-4727940000,14400,"2023-03-13T09:15:00.000Z",1678698900000,14450,14300,14300,37.9,62.1,0,2.6,4.5,,1.6,852400,1373000,1373000,,19730410000,7501235000,12229175000,
199025.5,-39400,-493930000,16018430000,16512360000,32530790000,2897218085.1,2759036276.6,30.6,190438.3,7859.6,2,589800,292400,4234010000,14450,"2023-03-13T09:20:00.000Z",1678699200000,14500,14350,14400,66.5,33.5,0,3,1.6,,0.5,297400,887200,2260200,,12800380000,8517195000,4283185000,
199025.5,108700,1656295000,21785425000,20129130000,41914555000,2897218085.1,2759036276.6,15.6,190438.3,7859.6,1.6,399100,148100,2150225000,14450,"2023-03-13T09:25:00.000Z",1678699500000,14450,14400,14450,61.4,38.6,0,2,1.3,,0.6,251000,650100,2910300,,9383765000,5766995000,3616770000,
199025.5,41100,687580000,23150950000,22463370000,45614320000,2897218085.1,2759036276.6,-7,190438.3,7859.6,0.6,94500,-67600,-968715000,14400,"2023-03-13T09:30:00.000Z",1678699800000,14450,14400,14450,36.8,63.2,0,0.5,0.9,,1.7,162100,256600,3166900,,3699765000,1365525000,2334240000,
199025.5,-196000,-2726035000,23620405000,26346440000,49966845000,2897218085.1,2759036276.6,-24.7,190438.3,7859.6,0.1,32600,-237100,-3413615000,14400,"2023-03-13T09:35:00.000Z",1678700100000,14450,14350,14400,10.8,89.2,0,0.2,1.4,,8.3,269700,302300,3469200,,4352525000,469455000,3883070000,
199025.5,-478000,-6770845000,24305295000,31076140000,55381435000,2897218085.1,2759036276.6,-29.3,190438.3,7859.6,0.1,47600,-282000,-4044810000,14350,"2023-03-13T09:40:00.000Z",1678700400000,14400,14300,14400,12.6,87.4,0,0.2,1.7,,6.9,329600,377200,3846400,,5414590000,684890000,4729700000,
199025.5,-661300,-9391105000,24572205000,33963310000,58535515000,2897218085.1,2759036276.6,-19,190438.3,7859.6,0.1,18600,-183300,-2620260000,14300,"2023-03-13T09:45:00.000Z",1678700700000,14350,14300,14350,8.4,91.6,0,0.1,1.1,,10.9,201900,220500,4066900,,3154080000,266910000,2887170000,
199025.5,-531600,-7529105000,28288860000,35817965000,64106825000,2897218085.1,2759036276.6,13.5,190438.3,7859.6,2,259000,129700,1862000000,14350,"2023-03-13T09:50:00.000Z",1678701000000,14400,14300,14300,66.7,33.3,0,1.3,0.7,,0.5,129300,388300,4455200,,5571310000,3716655000,1854655000,
199025.5,-720000,-10231010000,28785505000,39016515000,67802020000,2897218085.1,2759036276.6,-19.6,190438.3,7859.6,0.2,34500,-188400,-2701905000,14350,"2023-03-13T09:55:00.000Z",1678701300000,14400,14300,14350,13.4,86.6,0,0.2,1.2,,6.5,222900,257400,4712600,,3695195000,496645000,3198550000,
199025.5,-1040900,-14835275000,28856055000,43691330000,72547385000,2897218085.1,2759036276.6,-33.3,190438.3,7859.6,0,4900,-320900,-4604265000,14300,"2023-03-13T10:00:00.000Z",1678701600000,14400,14300,14400,1.5,98.5,0,0,1.7,,66.5,325800,330700,5043300,,4745365000,70550000,4674815000,
199025.5,-924100,-13153650000,32123550000,45277200000,77400750000,2897218085.1,2759036276.6,12.2,190438.3,7859.6,2.1,227700,116800,1681625000,14300,"2023-03-13T10:05:00.000Z",1678701900000,14350,14300,14300,67.2,32.8,0,1.1,0.6,,0.5,110900,338600,5381900,,4853365000,3267495000,1585870000,
199025.5,-942600,-13412485000,33763755000,47176240000,80939995000,2897218085.1,2759036276.6,-1.9,190438.3,7859.6,0.9,114300,-18500,-258835000,14300,"2023-03-13T10:10:00.000Z",1678702200000,14350,14300,14300,46.3,53.7,0,0.6,0.7,,1.2,132800,247100,5629000,,3539245000,1640205000,1899040000,
199025.5,-970300,-13809765000,35102825000,48912590000,84015415000,2897218085.1,2759036276.6,-2.9,190438.3,7859.6,0.8,93300,-27700,-397280000,14350,"2023-03-13T10:15:00.000Z",1678702500000,14400,14350,14350,43.5,56.5,0,0.5,0.6,,1.3,121000,214300,5843300,,3075420000,1339070000,1736350000,
199025.5,-1069700,-15235905000,35509180000,50745085000,86254265000,2897218085.1,2759036276.6,-10.3,190438.3,7859.6,0.2,28300,-99400,-1426140000,14350,"2023-03-13T10:20:00.000Z",1678702800000,14400,14350,14350,18.1,81.9,0,0.1,0.7,,4.5,127700,156000,5999300,,2238850000,406355000,1832495000,
199025.5,-817500,-11603110000,39536860000,51139970000,90676830000,2897218085.1,2759036276.6,26.3,190438.3,7859.6,10.2,279700,252200,3632795000,14400,"2023-03-13T10:25:00.000Z",1678703100000,14400,14350,14350,91,9,0,1.4,0.1,,0.1,27500,307200,6306500,,4422565000,4027680000,394885000,
199025.5,-579300,-8158245000,43877765000,52036010000,95913775000,2897218085.1,2759036276.6,24.9,190438.3,7859.6,4.8,300400,238200,3444865000,14500,"2023-03-13T10:30:00.000Z",1678703400000,14500,14400,14400,82.8,17.2,0,1.5,0.3,,0.2,62200,362600,6669100,,5236945000,4340905000,896040000,
199025.5,-91000,-1074735000,52074830000,53149565000,105224395000,2897218085.1,2759036276.6,51.3,190438.3,7859.6,7.3,565200,488300,7083510000,14600,"2023-03-13T10:35:00.000Z",1678703700000,14600,14450,14450,88,12,0,2.8,0.4,,0.1,76900,642100,7311200,,9310620000,8197065000,1113555000,
199025.5,51700,1009350000,55287820000,54278470000,109566290000,2897218085.1,2759036276.6,15.1,190438.3,7859.6,2.8,220300,142700,2084085000,14600,"2023-03-13T10:40:00.000Z",1678704000000,14600,14500,14550,74,26,0,1.1,0.4,,0.4,77600,297900,7609100,,4341895000,3212990000,1128905000,
199025.5,-77600,-860965000,56245920000,57106885000,113352805000,2897218085.1,2759036276.6,-13.5,190438.3,7859.6,0.3,65800,-129300,-1870315000,14450,"2023-03-13T10:45:00.000Z",1678704300000,14600,14450,14600,25.2,74.8,0,0.3,1,,3,195100,260900,7870000,,3786515000,958100000,2828415000,
199025.5,-131300,-1636090000,56489520000,58125610000,114615130000,2897218085.1,2759036276.6,-5.6,190438.3,7859.6,0.2,16800,-53700,-775125000,14450,"2023-03-13T10:50:00.000Z",1678704600000,14500,14450,14450,19.2,80.8,0,0.1,0.4,,4.2,70500,87300,7957300,,1262325000,243600000,1018725000,
199025.5,-144400,-1824160000,56844770000,58668930000,115513700000,2897218085.1,2759036276.6,-1.4,190438.3,7859.6,0.7,24500,-13100,-188070000,14450,"2023-03-13T10:55:00.000Z",1678704900000,14500,14450,14450,39.5,60.5,0,0.1,0.2,,1.5,37600,62100,8019400,,898570000,355250000,543320000,
199025.5,-29200,-153185000,58850690000,59003875000,117854565000,2897218085.1,2759036276.6,12.1,190438.3,7859.6,6,138300,115200,1670975000,14550,"2023-03-13T11:00:00.000Z",1678705200000,14550,14450,14500,85.7,14.3,0,0.7,0.1,,0.2,23100,161400,8180800,,2340865000,2005920000,334945000,
199025.5,33900,765135000,59831360000,59066225000,118897585000,2897218085.1,2759036276.6,6.6,190438.3,7859.6,15.7,67400,63100,918320000,14550,"2023-03-13T11:05:00.000Z",1678705500000,14550,14500,14550,94,6,0,0.3,0,,0.1,4300,71700,8252500,,1043020000,980670000,62350000,
199025.5,245300,3844030000,63196880000,59352850000,122549730000,2897218085.1,2759036276.6,22.3,190438.3,7859.6,11.7,231100,211400,3078895000,14550,"2023-03-13T11:10:00.000Z",1678705800000,14600,14500,14500,92.1,7.9,0,1.2,0.1,,0.1,19700,250800,8503300,,3652145000,3365520000,286625000,
199025.5,68400,1270265000,63234840000,61964575000,125199415000,2897218085.1,2759036276.6,-18.6,190438.3,7859.6,0,2600,-176900,-2573765000,14550,"2023-03-13T11:15:00.000Z",1678706100000,14600,14550,14550,1.4,98.6,0,0,0.9,,69,179500,182100,8685400,,2649685000,37960000,2611725000,
199025.5,-110800,-1334485000,63972170000,65306655000,129278825000,2897218085.1,2759036276.6,-18.9,190438.3,7859.6,0.2,50600,-179200,-2604750000,14550,"2023-03-13T11:20:00.000Z",1678706400000,14600,14500,14550,18,82,0,0.3,1.2,,4.5,229800,280400,8965800,,4079410000,737330000,3342080000,
199025.5,-200800,-2640540000,64312655000,66953195000,131265850000,2897218085.1,2759036276.6,-9.5,190438.3,7859.6,0.2,23400,-90000,-1306055000,14550,"2023-03-13T11:25:00.000Z",1678706700000,14600,14500,14550,17.1,82.9,0,0.1,0.6,,4.8,113400,136800,9102600,,1987025000,340485000,1646540000,
199025.5,-220000,-2910695000,67313245000,70223940000,137537185000,2897218085.1,2759036276.6,-2,190438.3,7859.6,0.9,205800,-19200,-270155000,14550,"2023-03-13T13:00:00.000Z",1678712400000,14600,14500,14550,47.8,52.2,0,1,1.2,,1.1,225000,430800,9533400,,6271335000,3000590000,3270745000,
199025.5,-270100,-3632925000,68483665000,72116590000,140600255000,2897218085.1,2759036276.6,-5.2,190438.3,7859.6,0.6,80400,-50100,-722230000,14600,"2023-03-13T13:05:00.000Z",1678712700000,14600,14500,14500,38.1,61.9,0,0.4,0.7,,1.6,130500,210900,9744300,,3063070000,1170420000,1892650000,
199025.5,-260400,-3489835000,71780275000,75270110000,147050385000,2897218085.1,2759036276.6,1,190438.3,7859.6,1,225700,9700,143090000,14600,"2023-03-13T13:10:00.000Z",1678713000000,14650,14550,14600,51.1,48.9,0,1.1,1.1,,1,216000,441700,10186000,,6450130000,3296610000,3153520000,
199025.5,-382100,-5265120000,72267740000,77532860000,149800600000,2897218085.1,2759036276.6,-12.8,190438.3,7859.6,0.2,33300,-121700,-1775285000,14600,"2023-03-13T13:15:00.000Z",1678713300000,14650,14550,14600,17.7,82.3,0,0.2,0.8,,4.7,155000,188300,10374300,,2750215000,487465000,2262750000,
199025.5,-473900,-6600780000,72851225000,79452005000,152303230000,2897218085.1,2759036276.6,-9.7,190438.3,7859.6,0.3,40100,-91800,-1335660000,14550,"2023-03-13T13:20:00.000Z",1678713600000,14600,14550,14550,23.3,76.7,0,0.2,0.7,,3.3,131900,172000,10546300,,2502630000,583485000,1919145000,
199025.5,-462400,-6433000000,74965440000,81398440000,156363880000,2897218085.1,2759036276.6,1.2,190438.3,7859.6,1.1,145300,11500,167780000,14550,"2023-03-13T13:25:00.000Z",1678713900000,14600,14500,14550,52.1,47.9,0,0.7,0.7,,0.9,133800,279100,10825400,,4060650000,2114215000,1946435000,
199025.5,-493700,-6884515000,75644925000,82529440000,158174365000,2897218085.1,2759036276.6,-3.3,190438.3,7859.6,0.6,46700,-31300,-451515000,14500,"2023-03-13T13:30:00.000Z",1678714200000,14550,14500,14500,37.4,62.6,0,0.2,0.4,,1.7,78000,124700,10950100,,1810485000,679485000,1131000000,
199025.5,-498600,-6955430000,77773900000,84729330000,162503230000,2897218085.1,2759036276.6,-0.5,190438.3,7859.6,1,146300,-4900,-70915000,14550,"2023-03-13T13:35:00.000Z",1678714500000,14600,14500,14500,49.2,50.8,0,0.7,0.8,,1,151200,297500,11247600,,4328865000,2128975000,2199890000,
199025.5,-187400,-2400250000,84714305000,87114555000,171828860000,2897218085.1,2759036276.6,33,190438.3,7859.6,2.9,475100,311200,4555180000,14600,"2023-03-13T13:40:00.000Z",1678714800000,14650,14550,14550,74.4,25.6,0,2.4,0.9,,0.3,163900,639000,11886600,,9325630000,6940405000,2385225000,
199025.5,670100,10217905000,102400160000,92182255000,194582415000,2897218085.1,2759036276.6,91.3,190438.3,7859.6,3.5,1202300,857500,12618155000,14700,"2023-03-13T13:45:00.000Z",1678715100000,14800,14650,14650,77.7,22.3,0,6,1.8,,0.3,344800,1547100,13433700,,22753555000,17685855000,5067700000,
199025.5,849900,12880705000,109887145000,97006440000,206893585000,2897218085.1,2759036276.6,19.3,190438.3,7859.6,1.5,507800,179800,2662800000,14750,"2023-03-13T13:50:00.000Z",1678715400000,14800,14650,14700,60.8,39.2,0,2.6,1.7,,0.6,328000,835800,14269500,,12311170000,7486985000,4824185000,
199025.5,869300,13176850000,116124185000,102947335000,219071520000,2897218085.1,2759036276.6,2.1,190438.3,7859.6,1,423000,19400,296145000,14650,"2023-03-13T13:55:00.000Z",1678715700000,14800,14650,14800,51.2,48.8,0,2.1,2.1,,1,403600,826600,15096100,,12177935000,6237040000,5940895000,
199025.5,798300,12141220000,116812735000,104671515000,221484250000,2897218085.1,2759036276.6,-7.5,190438.3,7859.6,0.4,47000,-71000,-1035630000,14600,"2023-03-13T14:00:00.000Z",1678716000000,14650,14600,14650,28.5,71.5,0,0.2,0.6,,2.5,118000,165000,15261100,,2412730000,688550000,1724180000,
199025.5,640600,9840245000,117236120000,107395875000,224631995000,2897218085.1,2759036276.6,-16.7,190438.3,7859.6,0.2,28900,-157700,-2300975000,14600,"2023-03-13T14:05:00.000Z",1678716300000,14650,14600,14600,13.4,86.6,0,0.1,1,,6.5,186600,215500,15476600,,3147745000,423385000,2724360000,
199025.5,454600,7127840000,118220010000,111092170000,229361650000,2897218085.1,2759036276.6,-19.6,190438.3,7859.6,0.3,67600,-186000,-2712405000,14500,"2023-03-13T14:10:00.000Z",1678716600000,14650,14500,14600,20.8,78.1,1,0.3,1.3,0.4,3.8,253600,324600,15801200,3400,4729655000,983890000,3696295000,49470000
199025.5,-134600,-1405585000,122536360000,123941945000,246527775000,2897218085.1,2759036276.6,-61.8,190438.3,7859.6,0.3,297000,-589200,-8533425000,14500,"2023-03-13T14:15:00.000Z",1678716900000,14550,14450,14500,25.1,74.9,0,1.5,4.7,,3,886200,1183200,16984400,,17166125000,4316350000,12849775000,
199025.5,187800,3317795000,128886050000,125568255000,254506675000,2897218085.1,2759036276.6,34.2,190438.3,7859.6,3.9,434200,322400,4723380000,14650,"2023-03-13T14:20:00.000Z",1678717200000,14700,14450,14450,79.5,20.5,0,2.2,0.6,0,0.3,111800,546200,17530600,200,7978900000,6349690000,1626310000,2900000
199025.5,404600,6509145000,136169250000,129660105000,265881725000,2897218085.1,2759036276.6,23.1,190438.3,7859.6,1.8,496800,216800,3191350000,14600,"2023-03-13T14:25:00.000Z",1678717500000,14700,14550,14600,64,36,0,2.5,1.5,,0.6,280000,776800,18307400,,11375050000,7283200000,4091850000,
199025.5,403600,6494545000,136169250000,129674705000,265896325000,2897218085.1,2759036276.6,-0.1,190438.3,7859.6,0,,-1000,-14600000,14600,"2023-03-13T14:30:00.000Z",1678717800000,14600,14600,14600,0,100,0,,0,,Infinity,1000,1000,18308400,,14600000,,14600000,
199025.5,403600,6494545000,136169250000,129674705000,271200425000,2897218085.1,2759036276.6,0,190438.3,7859.6,NaN,,0,0,14500,"2023-03-13T14:45:00.000Z",1678718700000,14500,14500,14500,0,0,100,,,46.5,NaN,,365800,18674200,365800,5304100000,,,5304100000
