"abu","acum_busd","acum_busd_val","acum_val_bu","acum_val_sd","acum_val","avg_val_bu","avg_val_sd","rbusd","asd","auk","bs","bu","bu-sd","bu-sd_val","c","date","datetime","h","l","o","pbu","psd","puk","rbu","rsd","ruk","sb","sd","sum_vol","total_vol","uk","val","val_bu","val_sd","val_uk"
33873.9,41200,411436000,429418000,17982000,889514000,333910652.2,844455260.9,-0.8,85819.6,1147.8,23.9,43000,41200,411436000,9990,"2023-03-03T09:15:00.000Z",1677834900000,9990,9970,9980,48.3,2,49.7,1.3,0,38.6,0,1800,89100,89100,44300,889514000,429418000,17982000,442114000
33873.9,31400,313708000,637194000,323486000,1402794000,333910652.2,844455260.9,0.2,85819.6,1147.8,0.7,20800,-9800,-97728000,9980,"2023-03-03T09:20:00.000Z",1677835200000,10000,9970,9990,40.5,59.5,0,0.6,0.4,,1.5,30600,51400,140500,,513280000,207776000,305504000,
33873.9,5400,54616000,735918000,681302000,1859334000,333910652.2,844455260.9,0.5,85819.6,1147.8,0.3,9900,-26000,-259092000,9960,"2023-03-03T09:25:00.000Z",1677835500000,9980,9960,9980,21.6,78.4,0,0.3,0.4,,3.6,35900,45800,186300,,456540000,98724000,357816000,
33873.9,13900,139458000,917372000,777914000,2137400000,333910652.2,844455260.9,-0.2,85819.6,1147.8,1.9,18200,8500,84842000,9960,"2023-03-03T09:30:00.000Z",1677835800000,9970,9960,9970,65.2,34.8,0,0.5,0.1,,0.5,9700,27900,214200,,278066000,181454000,96612000,
33873.9,-9400,-92311000,1036878000,1129189000,2608181000,333910652.2,844455260.9,0.5,85819.6,1147.8,0.3,12000,-23300,-231769000,9950,"2023-03-03T09:35:00.000Z",1677836100000,9970,9940,9960,25.4,74.6,0,0.4,0.4,,2.9,35300,47300,261500,,470781000,119506000,351275000,
33873.9,23700,237065000,1400053000,1162988000,3005155000,333910652.2,844455260.9,-0.6,85819.6,1147.8,10.7,36500,33100,329376000,9940,"2023-03-03T09:40:00.000Z",1677836400000,9950,9940,9950,91.5,8.5,0,1.1,0,,0.1,3400,39900,301400,,396974000,363175000,33799000,
33873.9,-1900,-17245000,1565223000,1582468000,3589805000,333910652.2,844455260.9,0.5,85819.6,1147.8,0.4,16600,-25600,-254310000,9940,"2023-03-03T09:45:00.000Z",1677836700000,9950,9940,9950,28.2,71.8,0,0.5,0.5,,2.5,42200,58800,360200,,584650000,165170000,419480000,
33873.9,-26000,-256670000,1718303000,1974973000,4135390000,333910652.2,844455260.9,0.5,85819.6,1147.8,0.4,15400,-24100,-239425000,9940,"2023-03-03T09:50:00.000Z",1677837000000,9950,9930,9950,28.1,71.9,0,0.5,0.5,,2.6,39500,54900,415100,,545585000,153080000,392505000,
33873.9,-38200,-377804000,1730231000,2108035000,4280380000,333910652.2,844455260.9,0.2,85819.6,1147.8,0.1,1200,-12200,-121134000,9930,"2023-03-03T09:55:00.000Z",1677837300000,9940,9930,9930,8.2,91.8,0,0,0.2,,11.2,13400,14600,429700,,144990000,11928000,133062000,
33873.9,-83500,-826629000,1931019000,2757648000,5130781000,333910652.2,844455260.9,0.9,85819.6,1147.8,0.3,20200,-45300,-448825000,9910,"2023-03-03T10:00:00.000Z",1677837600000,9950,9910,9930,23.6,76.4,0,0.6,0.8,,3.2,65500,85700,515400,,850401000,200788000,649613000,
33873.9,-88300,-874381000,1996572000,2870953000,5311627000,333910652.2,844455260.9,0.1,85819.6,1147.8,0.6,6600,-4800,-47752000,9940,"2023-03-03T10:05:00.000Z",1677837900000,9950,9920,9920,36.3,62.6,1.1,0.2,0.1,0.2,1.7,11400,18200,533600,200,180846000,65553000,113305000,1988000
33873.9,-108400,-1073980000,2245297000,3319277000,6008676000,333910652.2,844455260.9,0.4,85819.6,1147.8,0.6,25000,-20100,-199599000,9960,"2023-03-03T10:10:00.000Z",1677838200000,9960,9940,9940,35.7,64.3,0,0.7,0.5,,1.8,45100,70100,603700,,697049000,248725000,448324000,
33873.9,-100800,-998269000,2454462000,3452731000,6351295000,333910652.2,844455260.9,-0.1,85819.6,1147.8,1.6,21000,7600,75711000,9960,"2023-03-03T10:15:00.000Z",1677838500000,9970,9950,9960,61,39,0,0.6,0.2,,0.6,13400,34400,638100,,342619000,209165000,133454000,
33873.9,-100900,-999109000,2608842000,3607951000,6660895000,333910652.2,844455260.9,0,85819.6,1147.8,1,15500,-100,-840000,9960,"2023-03-03T10:20:00.000Z",1677838800000,9960,9950,9960,49.8,50.2,0,0.5,0.2,,1,15600,31100,669200,,309600000,154380000,155220000,
33873.9,-100500,-995089000,2718402000,3713491000,6875995000,333910652.2,844455260.9,0,85819.6,1147.8,1,11000,400,4020000,9960,"2023-03-03T10:25:00.000Z",1677839100000,9960,9950,9950,50.9,49.1,0,0.3,0.1,,1,10600,21600,690800,,215100000,109560000,105540000,
33873.9,-242800,-2410913000,2763220000,5174133000,8381455000,333910652.2,844455260.9,2.8,85819.6,1147.8,0,4500,-142300,-1415824000,9940,"2023-03-03T10:30:00.000Z",1677839400000,9960,9940,9960,3,97,0,0.1,1.7,,32.6,146800,151300,842100,,1505460000,44818000,1460642000,
33873.9,-324400,-3221779000,2909283000,6131062000,9484447000,333910652.2,844455260.9,1.6,85819.6,1147.8,0.2,14700,-81600,-810866000,9920,"2023-03-03T10:35:00.000Z",1677839700000,9940,9920,9940,13.2,86.8,0,0.4,1.1,,6.6,96300,111000,953100,,1102992000,146063000,956929000,
33873.9,-373900,-3712526000,2947947000,6660473000,10052522000,333910652.2,844455260.9,1,85819.6,1147.8,0.1,3900,-49500,-490747000,9910,"2023-03-03T10:40:00.000Z",1677840000000,9940,9910,9920,6.8,93.2,0,0.1,0.6,,13.7,53400,57300,1010400,,568075000,38664000,529411000,
33873.9,-503400,-4994584000,2972722000,7967306000,11384130000,333910652.2,844455260.9,2.5,85819.6,1147.8,0,2500,-129500,-1282058000,9910,"2023-03-03T10:45:00.000Z",1677840300000,9910,9900,9910,1.9,98.1,0,0.1,1.5,,52.8,132000,134500,1144900,,1331608000,24775000,1306833000,
33873.9,-577800,-5730981000,3011298000,8742279000,12197679000,333910652.2,844455260.9,1.4,85819.6,1147.8,0,3900,-74400,-736397000,9890,"2023-03-03T10:50:00.000Z",1677840600000,9900,9890,9900,4.7,95.3,0,0.1,0.9,,20.1,78300,82200,1227100,,813549000,38576000,774973000,
33873.9,-560500,-5559810000,3354555000,8914365000,12713022000,333910652.2,844455260.9,-0.3,85819.6,1147.8,2,34700,17300,171171000,9890,"2023-03-03T10:55:00.000Z",1677840900000,9900,9890,9890,66.6,33.4,0,1,0.2,,0.5,17400,52100,1279200,,515343000,343257000,172086000,
33873.9,-599700,-5947316000,3633585000,9580901000,13658588000,333910652.2,844455260.9,0.8,85819.6,1147.8,0.4,28200,-39200,-387506000,9900,"2023-03-03T11:00:00.000Z",1677841200000,9900,9880,9890,29.5,70.5,0,0.8,0.8,,2.4,67400,95600,1374800,,945566000,279030000,666536000,
33873.9,-601100,-5961156000,3680115000,9641271000,13765488000,333910652.2,844455260.9,0,85819.6,1147.8,0.8,4700,-1400,-13840000,9900,"2023-03-03T11:05:00.000Z",1677841500000,9900,9890,9900,43.5,56.5,0,0.1,0.1,,1.3,6100,10800,1385600,,106900000,46530000,60370000,
33873.9,-609800,-6047178000,3700905000,9748083000,13893090000,333910652.2,844455260.9,0.2,85819.6,1147.8,0.2,2100,-8700,-86022000,9890,"2023-03-03T11:10:00.000Z",1677841800000,9900,9890,9900,16.3,83.7,0,0.1,0.1,,5.1,10800,12900,1398500,,127602000,20790000,106812000,
33873.9,-624400,-6191320000,4015407000,10206727000,14666236000,333910652.2,844455260.9,0.3,85819.6,1147.8,0.7,31800,-14600,-144142000,9880,"2023-03-03T11:15:00.000Z",1677842100000,9890,9880,9890,40.7,59.3,0,0.9,0.5,,1.5,46400,78200,1476700,,773146000,314502000,458644000,
33873.9,-692400,-6861193000,4016396000,10877589000,15338087000,333910652.2,844455260.9,1.3,85819.6,1147.8,0,100,-68000,-669873000,9830,"2023-03-03T11:20:00.000Z",1677842400000,9890,9820,9880,0.1,99.9,0,0,0.8,,681,68100,68200,1544900,,671851000,989000,670862000,
33873.9,-689600,-6833504000,4199292000,11032796000,15686020000,333910652.2,844455260.9,-0.1,85819.6,1147.8,1.2,18600,2800,27689000,9840,"2023-03-03T11:25:00.000Z",1677842700000,9870,9820,9870,52.5,44.6,2.8,0.5,0.2,0.9,0.8,15800,35400,1580300,1000,347933000,182896000,155207000,9830000
33873.9,-893800,-8832618000,5665184000,14497802000,20616918000,333910652.2,844455260.9,3.9,85819.6,1147.8,0.4,149300,-204200,-1999114000,9800,"2023-03-03T13:00:00.000Z",1677848400000,9840,9790,9840,29.7,70.3,0,4.4,4.1,,2.4,353500,502800,2083100,,4930898000,1465892000,3465006000,
33873.9,-921300,-9102288000,6022518000,15124806000,21601256000,333910652.2,844455260.9,0.5,85819.6,1147.8,0.6,36400,-27500,-269670000,9810,"2023-03-03T13:05:00.000Z",1677848700000,9820,9800,9810,36.3,63.7,0,1.1,0.7,,1.8,63900,100300,2183400,,984338000,357334000,627004000,
33873.9,-784500,-7758615000,7642834000,15401449000,23498215000,333910652.2,844455260.9,-2.6,85819.6,1147.8,5.9,165000,136800,1343673000,9830,"2023-03-03T13:10:00.000Z",1677849000000,9830,9810,9810,85.4,14.6,0,4.9,0.3,,0.2,28200,193200,2376600,,1896959000,1620316000,276643000,
33873.9,-735200,-7273774000,8155229000,15429003000,24038164000,333910652.2,844455260.9,-0.9,85819.6,1147.8,18.6,52100,49300,484841000,9850,"2023-03-03T13:15:00.000Z",1677849300000,9850,9830,9830,94.9,5.1,0,1.5,0,,0.1,2800,54900,2431500,,539949000,512395000,27554000,
33873.9,-720800,-7131750000,8442137000,15573887000,24469956000,333910652.2,844455260.9,-0.3,85819.6,1147.8,2,29100,14400,142024000,9870,"2023-03-03T13:20:00.000Z",1677849600000,9870,9850,9850,66.4,33.6,0,0.9,0.2,,0.5,14700,43800,2475300,,431792000,286908000,144884000,
33873.9,-704200,-6967735000,8866547000,15834282000,25154761000,333910652.2,844455260.9,-0.3,85819.6,1147.8,1.6,43000,16600,164015000,9870,"2023-03-03T13:25:00.000Z",1677849900000,9870,9860,9860,62,38,0,1.3,0.3,,0.6,26400,69400,2544700,,684805000,424410000,260395000,
33873.9,-838600,-8292672000,9037015000,17329687000,26820634000,333910652.2,844455260.9,2.6,85819.6,1147.8,0.1,17300,-134400,-1324937000,9850,"2023-03-03T13:30:00.000Z",1677850200000,9870,9850,9870,10.2,89.8,0,0.5,1.8,,8.8,151700,169000,2713700,,1665873000,170468000,1495405000,
33873.9,-829800,-8205615000,9399885000,17605500000,27459317000,333910652.2,844455260.9,-0.2,85819.6,1147.8,1.3,36800,8800,87057000,9850,"2023-03-03T13:35:00.000Z",1677850500000,9870,9850,9860,56.8,43.2,0,1.1,0.3,,0.8,28000,64800,2778500,,638683000,362870000,275813000,
33873.9,-843500,-8340275000,9728694000,18068969000,28253564000,333910652.2,844455260.9,0.3,85819.6,1147.8,0.7,33400,-13700,-134660000,9840,"2023-03-03T13:40:00.000Z",1677850800000,9850,9840,9850,41.4,58.4,0.2,1,0.5,0.2,1.4,47100,80700,2859200,200,794247000,328809000,463469000,1969000
33873.9,-1313900,-12952435000,10615379000,23567814000,34640077000,333910652.2,844455260.9,9,85819.6,1147.8,0.2,90200,-470400,-4612160000,9800,"2023-03-03T13:45:00.000Z",1677851100000,9840,9800,9840,13.9,86.1,0,2.7,6.5,0.1,6.2,560600,650900,3510100,100,6386513000,886685000,5498845000,983000
33873.9,-1451500,-14301645000,10670338000,24971983000,36118835000,333910652.2,844455260.9,2.6,85819.6,1147.8,0,5600,-137600,-1349210000,9820,"2023-03-03T13:50:00.000Z",1677851400000,9830,9800,9810,3.7,95,1.3,0.2,1.7,1.7,25.6,143200,150800,3660900,2000,1478758000,54959000,1404169000,19630000
33873.9,-1365400,-13454757000,11666360000,25121117000,37263991000,333910652.2,844455260.9,-1.7,85819.6,1147.8,6.7,101300,86100,846888000,9850,"2023-03-03T13:55:00.000Z",1677851700000,9850,9810,9820,87,13,0,3,0.2,,0.2,15200,116500,3777400,,1145156000,996022000,149134000,
33873.9,-1381200,-13610173000,12023043000,25633216000,38182023000,333910652.2,844455260.9,0.3,85819.6,1147.8,0.7,36200,-15800,-155416000,9850,"2023-03-03T14:00:00.000Z",1677852000000,9860,9840,9850,38.8,55.8,5.4,1.1,0.6,4.4,1.4,52000,93200,3870600,5000,918032000,356683000,512099000,49250000
33873.9,-1450700,-14294582000,12218860000,26513442000,39258066000,333910652.2,844455260.9,1.3,85819.6,1147.8,0.2,19900,-69500,-684409000,9840,"2023-03-03T14:05:00.000Z",1677852300000,9850,9840,9850,18.2,81.8,0,0.6,1,,4.5,89400,109300,3979900,,1076043000,195817000,880226000,
33873.9,-1542200,-15193449000,12375100000,27568549000,40469413000,333910652.2,844455260.9,1.8,85819.6,1147.8,0.1,15900,-91500,-898867000,9810,"2023-03-03T14:10:00.000Z",1677852600000,9840,9810,9840,12.9,87.1,0,0.5,1.3,,6.8,107400,123300,4103200,,1211347000,156240000,1055107000,
33873.9,-1625100,-16005729000,13301682000,29307411000,43134857000,333910652.2,844455260.9,1.6,85819.6,1147.8,0.5,94400,-82900,-812280000,9820,"2023-03-03T14:15:00.000Z",1677852900000,9830,9800,9810,34.7,65.3,0,2.8,2.1,,1.9,177300,271700,4374900,,2665444000,926582000,1738862000,
33873.9,-1512700,-14901839000,14682434000,29584273000,44792471000,333910652.2,844455260.9,-2.2,85819.6,1147.8,5,140600,112400,1103890000,9820,"2023-03-03T14:20:00.000Z",1677853200000,9830,9810,9820,83.3,16.7,0,4.2,0.3,,0.2,28200,168800,4543700,,1657614000,1380752000,276862000,
33873.9,-1913500,-18829772000,15359890000,34189662000,50075316000,333910652.2,844455260.9,7.7,85819.6,1147.8,0.1,69100,-400800,-3927933000,9820,"2023-03-03T14:25:00.000Z",1677853500000,9830,9790,9830,12.8,87.2,0,2,5.5,,6.8,469900,539000,5082700,,5282845000,677456000,4605389000,
33873.9,-2389500,-23485052000,15359890000,38844942000,54730596000,333910652.2,844455260.9,9.1,85819.6,1147.8,0,,-476000,-4655280000,9780,"2023-03-03T14:45:00.000Z",1677854700000,9780,9780,9780,0,100,0,,5.5,,Infinity,476000,476000,5558700,,4655280000,,4655280000,
