"abu","acum_busd","acum_busd_val","acum_val_bu","acum_val_sd","acum_val","avg_val_bu","avg_val_sd","rbusd","asd","auk","bs","bu","bu-sd","bu-sd_val","c","date","datetime","h","l","o","pbu","psd","puk","rbu","rsd","ruk","sb","sd","sum_vol","total_vol","uk","val","val_bu","val_sd","val_uk"
15487,100,2480000,97680000,95200000,642200000,371388804.3,405513369.6,-0.1,16915.2,1982.6,1,4100,100,2480000,23800,"2023-03-02T09:15:00.000Z",1677748500000,23900,23800,23900,15.2,14.9,69.9,0.3,0.2,9.5,1,4000,26900,26900,18800,642200000,97680000,95200000,449320000
15487,-12400,-293910000,283320000,577230000,1309870000,371388804.3,405513369.6,8.7,16915.2,1982.6,0.4,7800,-12500,-296390000,23800,"2023-03-02T09:20:00.000Z",1677748800000,23800,23700,23800,27.8,72.2,0,0.5,1.2,,2.6,20300,28100,55000,,667670000,185640000,482030000,
15487,700,17875000,606975000,589100000,1645395000,371388804.3,405513369.6,-9.1,16915.2,1982.6,27.2,13600,13100,311785000,23800,"2023-03-02T09:25:00.000Z",1677749100000,23800,23700,23800,96.5,3.5,0,0.9,0,,0,500,14100,69100,,335525000,323655000,11870000,
15487,41300,988525000,1599125000,610600000,2659045000,371388804.3,405513369.6,-28.4,16915.2,1982.6,46.1,41500,40600,970650000,23950,"2023-03-02T09:30:00.000Z",1677749400000,23950,23800,23800,97.9,2.1,0,2.7,0.1,,0,900,42400,111500,,1013650000,992150000,21500000,
15487,149400,3594360000,4752910000,1158550000,6360780000,371388804.3,405513369.6,-76.4,16915.2,1982.6,5.8,130700,108100,2605835000,24300,"2023-03-02T09:35:00.000Z",1677749700000,24300,23950,23950,85.3,14.7,0,8.4,1.3,,0.2,22600,153300,264800,,3701735000,3153785000,547950000,
15487,49800,1193900000,5159300000,3965400000,9574020000,371388804.3,405513369.6,70.3,16915.2,1982.6,0.1,16800,-99600,-2400460000,24000,"2023-03-02T09:40:00.000Z",1677750000000,24250,24000,24250,12.6,87.4,0,1.1,6.9,,6.9,116400,133200,398000,,3213240000,406390000,2806850000,
15487,49400,1184415000,5383435000,4199020000,10031775000,371388804.3,405513369.6,0.3,16915.2,1982.6,1,9300,-400,-9485000,24100,"2023-03-02T09:45:00.000Z",1677750300000,24150,24000,24000,48.9,51.1,0,0.6,0.6,,1,9700,19000,417000,,457755000,224135000,233620000,
15487,24100,575880000,5525625000,4949745000,10924690000,371388804.3,405513369.6,17.8,16915.2,1982.6,0.2,5900,-25300,-608535000,24050,"2023-03-02T09:50:00.000Z",1677750600000,24100,24050,24100,15.9,84.1,0,0.4,1.8,,5.3,31200,37100,454100,,892915000,142190000,750725000,
15487,14300,341215000,5886160000,5544945000,11880425000,371388804.3,405513369.6,6.9,16915.2,1982.6,0.6,15000,-9800,-234665000,24000,"2023-03-02T09:55:00.000Z",1677750900000,24050,23950,24000,37.7,62.3,0,1,1.5,,1.7,24800,39800,493900,,955735000,360535000,595200000,
15487,-9300,-224615000,5982160000,6206775000,12638255000,371388804.3,405513369.6,16.6,16915.2,1982.6,0.1,4000,-23600,-565830000,24000,"2023-03-02T10:00:00.000Z",1677751200000,24000,23950,24000,12.7,87.3,0,0.3,1.6,,6.9,27600,31600,525500,,757830000,96000000,661830000,
15487,-9500,-229415000,6061360000,6290775000,12815855000,371388804.3,405513369.6,0.1,16915.2,1982.6,0.9,3300,-200,-4800000,24000,"2023-03-02T10:05:00.000Z",1677751500000,24000,24000,24000,44.6,47.3,8.1,0.2,0.2,0.3,1.1,3500,7400,532900,600,177600000,79200000,84000000,14400000
15487,-400,-10750000,6320860000,6331610000,13116190000,371388804.3,405513369.6,-6.4,16915.2,1982.6,6.4,10800,9100,218665000,24050,"2023-03-02T10:10:00.000Z",1677751800000,24050,24000,24000,86.4,13.6,0,0.7,0.1,,0.2,1700,12500,545400,,300335000,259500000,40835000,
15487,-6000,-145145000,6349665000,6494810000,13308195000,371388804.3,405513369.6,3.9,16915.2,1982.6,0.2,1200,-5600,-134395000,24000,"2023-03-02T10:15:00.000Z",1677752100000,24050,24000,24000,15,85,0,0.1,0.4,,5.7,6800,8000,553400,,192005000,28805000,163200000,
15487,500,10910000,6553665000,6542755000,13560140000,371388804.3,405513369.6,-4.6,16915.2,1982.6,4.3,8500,6500,156055000,24000,"2023-03-02T10:20:00.000Z",1677752400000,24000,23950,24000,81,19,0,0.5,0.1,,0.2,2000,10500,563900,,251945000,204000000,47945000,
15487,1000,22965000,6592065000,6569100000,13624885000,371388804.3,405513369.6,-0.4,16915.2,1982.6,1.5,1600,500,12055000,24000,"2023-03-02T10:25:00.000Z",1677752700000,24000,23950,24000,59.3,40.7,0,0.1,0.1,,0.7,1100,2700,566600,,64745000,38400000,26345000,
15487,-34200,-819665000,6733380000,7553045000,14750145000,371388804.3,405513369.6,24.7,16915.2,1982.6,0.1,5900,-35200,-842630000,23950,"2023-03-02T10:30:00.000Z",1677753000000,24000,23900,23950,12.6,87.4,0,0.4,2.4,,7,41100,47000,613600,,1125260000,141315000,983945000,
15487,-29800,-714285000,6877080000,7591365000,14932165000,371388804.3,405513369.6,-3.1,16915.2,1982.6,3.8,6000,4400,105380000,23950,"2023-03-02T10:35:00.000Z",1677753300000,23950,23950,23950,78.9,21.1,0,0.4,0.1,,0.3,1600,7600,621200,,182020000,143700000,38320000,
15487,-18400,-440730000,7575380000,8016110000,16055210000,371388804.3,405513369.6,-8,16915.2,1982.6,1.6,29100,11400,273555000,24000,"2023-03-02T10:40:00.000Z",1677753600000,24050,23950,23950,62.2,37.8,0,1.9,1,,0.6,17700,46800,668000,,1123045000,698300000,424745000,
15487,-5800,-137475000,7941140000,8078615000,16483475000,371388804.3,405513369.6,-8.9,16915.2,1982.6,5.8,15200,12600,303255000,24000,"2023-03-02T10:45:00.000Z",1677753900000,24100,24000,24050,85.4,14.6,0,1,0.2,,0.2,2600,17800,685800,,428265000,365760000,62505000,
15487,1900,47815000,8176830000,8129015000,16769565000,371388804.3,405513369.6,-5.4,16915.2,1982.6,4.7,9800,7700,185290000,24050,"2023-03-02T10:50:00.000Z",1677754200000,24050,24000,24050,82.4,17.6,0,0.6,0.1,,0.2,2100,11900,697700,,286090000,235690000,50400000,
15487,-15200,-363440000,8179235000,8542675000,17185630000,371388804.3,405513369.6,12.1,16915.2,1982.6,0,100,-17100,-411255000,24050,"2023-03-02T10:55:00.000Z",1677754500000,24050,24050,24050,0.6,99.4,0,0,1,,172,17200,17300,715000,,416065000,2405000,413660000,
15487,-75000,-1797690000,8229580000,10027270000,18720570000,371388804.3,405513369.6,42,16915.2,1982.6,0,2100,-59800,-1434250000,23950,"2023-03-02T11:00:00.000Z",1677754800000,24000,23950,24000,3.3,96.7,0,0.1,3.7,,29.5,61900,64000,779000,,1534940000,50345000,1484595000,
15487,-74500,-1785715000,8322985000,10108700000,18895405000,371388804.3,405513369.6,-0.4,16915.2,1982.6,1.1,3900,500,11975000,23950,"2023-03-02T11:05:00.000Z",1677755100000,23950,23950,23950,53.4,46.6,0,0.3,0.2,,0.9,3400,7300,786300,,174835000,93405000,81430000,
15487,-76000,-1821545000,8373375000,10194920000,19032015000,371388804.3,405513369.6,1,16915.2,1982.6,0.6,2100,-1500,-35830000,24000,"2023-03-02T11:10:00.000Z",1677755400000,24000,23950,23950,36.8,63.2,0,0.1,0.2,,1.7,3600,5700,792000,,136610000,50390000,86220000,
15487,-36100,-863760000,9465405000,10329165000,20258290000,371388804.3,405513369.6,-28.1,16915.2,1982.6,8.1,45500,39900,957785000,24000,"2023-03-02T11:15:00.000Z",1677755700000,24050,23950,23950,89,11,0,2.9,0.3,,0.1,5600,51100,843100,,1226275000,1092030000,134245000,
15487,-32900,-786770000,9585595000,10372365000,20421680000,371388804.3,405513369.6,-2.3,16915.2,1982.6,2.8,5000,3200,76990000,24050,"2023-03-02T11:20:00.000Z",1677756000000,24050,24000,24000,73.5,26.5,0,0.3,0.1,,0.4,1800,6800,849900,,163390000,120190000,43200000,
15487,-48200,-1153900000,9619265000,10773165000,20856150000,371388804.3,405513369.6,10.8,16915.2,1982.6,0.1,1400,-15300,-367130000,24000,"2023-03-02T11:25:00.000Z",1677756300000,24050,24000,24050,7.7,92.3,0,0.1,1,,11.9,16700,18100,868000,,434470000,33670000,400800000,
15487,-101700,-2434545000,10135265000,12569810000,23168795000,371388804.3,405513369.6,37.5,16915.2,1982.6,0.3,21500,-53500,-1280645000,23950,"2023-03-02T13:00:00.000Z",1677762000000,24000,23950,24000,22.3,77.7,0,1.4,4.4,,3.5,75000,96500,964500,,2312645000,516000000,1796645000,
15487,-107800,-2580240000,10252620000,12832860000,23549200000,371388804.3,405513369.6,4.3,16915.2,1982.6,0.4,4900,-6100,-145695000,23900,"2023-03-02T13:05:00.000Z",1677762300000,23950,23900,23950,30.8,69.2,0,0.3,0.7,,2.2,11000,15900,980400,,380405000,117355000,263050000,
15487,-102400,-2450815000,10686155000,13136970000,24286845000,371388804.3,405513369.6,-3.8,16915.2,1982.6,1.4,18100,5400,129425000,23950,"2023-03-02T13:10:00.000Z",1677762600000,24000,23900,23950,58.8,41.2,0,1.2,0.8,,0.7,12700,30800,1011200,,737645000,433535000,304110000,
15487,-120500,-2884240000,10719755000,13603995000,24787470000,371388804.3,405513369.6,12.7,16915.2,1982.6,0.1,1400,-18100,-433425000,23950,"2023-03-02T13:15:00.000Z",1677762900000,24000,23950,23950,6.7,93.3,0,0.1,1.2,,13.9,19500,20900,1032100,,500625000,33600000,467025000,
15487,-113600,-2718880000,11086190000,13805070000,25354980000,371388804.3,405513369.6,-4.8,16915.2,1982.6,1.8,15300,6900,165360000,23950,"2023-03-02T13:20:00.000Z",1677763200000,23950,23900,23950,64.6,35.4,0,1,0.5,,0.5,8400,23700,1055800,,567510000,366435000,201075000,
15487,-147600,-3531035000,11436815000,14967850000,26868385000,371388804.3,405513369.6,23.8,16915.2,1982.6,0.3,14700,-34000,-812155000,23850,"2023-03-02T13:25:00.000Z",1677763500000,23900,23800,23900,23.2,76.8,0,0.9,2.9,,3.3,48700,63400,1119200,,1513405000,350625000,1162780000,
15487,-136100,-3256560000,11754310000,15010870000,27228900000,371388804.3,405513369.6,-8,16915.2,1982.6,7.4,13300,11500,274475000,23950,"2023-03-02T13:30:00.000Z",1677763800000,23950,23850,23850,88.1,11.9,0,0.9,0.1,,0.1,1800,15100,1134300,,360515000,317495000,43020000,
15487,-141400,-3383145000,11993395000,15376540000,27833655000,371388804.3,405513369.6,3.7,16915.2,1982.6,0.7,10000,-5300,-126585000,23900,"2023-03-02T13:35:00.000Z",1677764100000,23950,23900,23950,39.5,60.5,0,0.6,0.9,,1.5,15300,25300,1159600,,604755000,239085000,365670000,
15487,-99700,-2385355000,13220375000,15605730000,29289825000,371388804.3,405513369.6,-29.2,16915.2,1982.6,5.3,51300,41700,997790000,23900,"2023-03-02T13:40:00.000Z",1677764400000,23950,23850,23900,84.2,15.8,0,3.3,0.6,,0.2,9600,60900,1220500,,1456170000,1226980000,229190000,
15487,-86500,-2069825000,13688815000,15758640000,29911175000,371388804.3,405513369.6,-9.2,16915.2,1982.6,3.1,19600,13200,315530000,23900,"2023-03-02T13:45:00.000Z",1677764700000,23900,23850,23900,75.4,24.6,0,1.3,0.4,,0.3,6400,26000,1246500,,621350000,468440000,152910000,
15487,-102800,-2458910000,13922915000,16381825000,30768460000,371388804.3,405513369.6,11.4,16915.2,1982.6,0.4,9800,-16300,-389085000,23850,"2023-03-02T13:50:00.000Z",1677765000000,23950,23850,23850,27.3,72.7,0,0.6,1.5,,2.7,26100,35900,1282400,,857285000,234100000,623185000,
15487,-101400,-2425380000,13989835000,16415215000,30868770000,371388804.3,405513369.6,-1,16915.2,1982.6,2,2800,1400,33530000,23850,"2023-03-02T13:55:00.000Z",1677765300000,23900,23850,23900,66.7,33.3,0,0.2,0.1,,0.5,1400,4200,1286600,,100310000,66920000,33390000,
15487,-98600,-2358250000,14354840000,16713090000,31531650000,371388804.3,405513369.6,-2,16915.2,1982.6,1.2,15300,2800,67130000,23900,"2023-03-02T14:00:00.000Z",1677765600000,23900,23800,23900,55,45,0,1,0.7,,0.8,12500,27800,1314400,,662880000,365005000,297875000,
15487,-77600,-1856315000,14923695000,16780010000,32167425000,371388804.3,405513369.6,-14.7,16915.2,1982.6,8.5,23800,21000,501935000,23950,"2023-03-02T14:05:00.000Z",1677765900000,23950,23900,23900,89.5,10.5,0,1.5,0.2,,0.1,2800,26600,1341000,,635775000,568855000,66920000,
15487,-98600,-2357975000,15250645000,17608620000,33322985000,371388804.3,405513369.6,14.7,16915.2,1982.6,0.4,13700,-21000,-501660000,23850,"2023-03-02T14:10:00.000Z",1677766200000,23950,23850,23950,28.3,71.7,0,0.9,2.1,,2.5,34700,48400,1389400,,1155560000,326950000,828610000,
15487,-69700,-1666905000,16082460000,17749365000,34295545000,371388804.3,405513369.6,-20.3,16915.2,1982.6,5.9,34800,28900,691070000,23950,"2023-03-02T14:15:00.000Z",1677766500000,23950,23850,23850,85.5,14.5,0,2.2,0.3,,0.2,5900,40700,1430100,,972560000,831815000,140745000,
15487,-68600,-1639780000,16660855000,18300635000,35425210000,371388804.3,405513369.6,-0.8,16915.2,1982.6,1,24200,1100,27125000,23900,"2023-03-02T14:20:00.000Z",1677766800000,23950,23850,23950,51.2,48.8,0,1.6,1.4,,1,23100,47300,1477400,,1129665000,578395000,551270000,
15487,-65700,-1569730000,17083885000,18653615000,36201220000,371388804.3,405513369.6,-2.1,16915.2,1982.6,1.2,17700,2900,70050000,23900,"2023-03-02T14:25:00.000Z",1677767100000,23900,23850,23900,54.5,45.5,0,1.1,0.9,,0.8,14800,32500,1509900,,776010000,423030000,352980000,
15487,-65700,-1569730000,17083885000,18653615000,37924420000,371388804.3,405513369.6,0,16915.2,1982.6,NaN,,0,0,24000,"2023-03-02T14:45:00.000Z",1677768300000,24000,24000,24000,0,0,100,,,36.2,NaN,,71800,1581700,71800,1723200000,,,1723200000
