"abu","acum_busd","acum_busd_val","acum_val_bu","acum_val_sd","acum_val","avg_val_bu","avg_val_sd","rbusd","asd","auk","bs","bu","bu-sd","bu-sd_val","c","date","datetime","h","l","o","pbu","psd","puk","rbu","rsd","ruk","sb","sd","sum_vol","total_vol","uk","val","val_bu","val_sd","val_uk"
52950,16000,305235000,1430720000,1125485000,3608805000,1001610108.7,1022177282.6,-14.8,54200,8963,1.3,75300,16000,305235000,18950,"2023-03-02T09:15:00.000Z",1677748500000,19050,18950,19000,39.6,31.2,29.2,1.4,1.1,6.2,0.8,59300,190000,190000,55400,3608805000,1430720000,1125485000,1052600000
52950,14300,275345000,2314220000,2038875000,5405695000,1001610108.7,1022177282.6,1.5,54200,8963,1,46500,-1700,-29890000,18950,"2023-03-02T09:20:00.000Z",1677748800000,19000,18950,18950,49.1,50.9,0,0.9,0.9,,1,48200,94700,284700,,1796890000,883500000,913390000,
52950,59100,1128140000,3771520000,2643380000,7467500000,1001610108.7,1022177282.6,-41.5,54200,8963,2.4,76700,44800,852795000,19000,"2023-03-02T09:25:00.000Z",1677749100000,19000,18950,19000,70.6,29.4,0,1.4,0.6,,0.4,31900,108600,393300,,2061805000,1457300000,604505000,
52950,147800,2816080000,6461290000,3645210000,11159100000,1001610108.7,1022177282.6,-82.1,54200,8963,2.7,141300,88700,1687940000,19050,"2023-03-02T09:30:00.000Z",1677749400000,19100,19000,19000,72.9,27.1,0,2.7,1,,0.4,52600,193900,587200,,3691600000,2689770000,1001830000,
52950,207000,3944160000,8309190000,4365030000,13726820000,1001610108.7,1022177282.6,-54.8,54200,8963,2.6,97000,59200,1128080000,19050,"2023-03-02T09:35:00.000Z",1677749700000,19100,19000,19050,72,28,0,1.8,0.7,,0.4,37800,134800,722000,,2567720000,1847900000,719820000,
52950,321600,6128050000,11677265000,5549215000,18292415000,1001610108.7,1022177282.6,-106.2,54200,8963,2.8,176800,114600,2183890000,19000,"2023-03-02T09:40:00.000Z",1677750000000,19100,19000,19050,73.8,25.9,0.3,3.3,1.1,0.1,0.4,62200,239700,961700,700,4565595000,3368075000,1184185000,13335000
52950,304000,5794700000,12077315000,6282615000,19425865000,1001610108.7,1022177282.6,16.2,54200,8963,0.5,21000,-17600,-333350000,19050,"2023-03-02T09:45:00.000Z",1677750300000,19050,19000,19050,35.2,64.8,0,0.4,0.7,,1.8,38600,59600,1021300,,1133450000,400050000,733400000,
52950,264500,5044465000,13517780000,8473315000,23091230000,1001610108.7,1022177282.6,36.5,54200,8963,0.7,75800,-39500,-750235000,19000,"2023-03-02T09:50:00.000Z",1677750600000,19050,19000,19050,39.3,59.8,0.9,1.4,2.1,0.2,1.5,115300,192900,1214200,1800,3665365000,1440465000,2190700000,34200000
52950,285700,5449565000,14613075000,9163510000,24876720000,1001610108.7,1022177282.6,-19.7,54200,8963,1.6,57600,21200,405100000,18950,"2023-03-02T09:55:00.000Z",1677750900000,19050,18950,19000,61.3,38.7,0,1.1,0.7,,0.6,36400,94000,1308200,,1785490000,1095295000,690195000,
52950,270800,5168235000,15329970000,10161735000,27152760000,1001610108.7,1022177282.6,13.7,54200,8963,0.7,37800,-14900,-281330000,18950,"2023-03-02T10:00:00.000Z",1677751200000,19000,18900,18950,31.5,43.9,24.6,0.7,1,3.3,1.4,52700,120100,1428300,29600,2276040000,716895000,998225000,560920000
52950,224000,4281440000,15447460000,11166020000,28274535000,1001610108.7,1022177282.6,43.1,54200,8963,0.1,6200,-46800,-886795000,18900,"2023-03-02T10:05:00.000Z",1677751500000,18950,18900,18950,10.5,89.5,0,0.1,1,,8.5,53000,59200,1487500,,1121775000,117490000,1004285000,
52950,266200,5081130000,16404435000,11323305000,29388795000,1001610108.7,1022177282.6,-38.9,54200,8963,6.1,50500,42200,799690000,18950,"2023-03-02T10:10:00.000Z",1677751800000,18950,18950,18950,85.9,14.1,0,1,0.2,,0.2,8300,58800,1546300,,1114260000,956975000,157285000,
52950,269600,5146845000,16892735000,11745890000,30299680000,1001610108.7,1022177282.6,-3.2,54200,8963,1.2,25700,3400,65715000,19000,"2023-03-02T10:15:00.000Z",1677752100000,19000,18950,18950,53.5,46.5,0,0.5,0.4,,0.9,22300,48000,1594300,,910885000,488300000,422585000,
52950,281600,5376545000,18070735000,12694190000,32425980000,1001610108.7,1022177282.6,-11.2,54200,8963,1.2,62000,12000,229700000,18950,"2023-03-02T10:20:00.000Z",1677752400000,19000,18950,19000,55.4,44.6,0,1.2,0.9,,0.8,50000,112000,1706300,,2126300000,1178000000,948300000,
52950,209600,4015595000,18389095000,14373500000,34423650000,1001610108.7,1022177282.6,66.2,54200,8963,0.2,16800,-72000,-1360950000,18900,"2023-03-02T10:25:00.000Z",1677752700000,18950,18900,18950,15.9,84.1,0,0.3,1.6,,5.3,88800,105600,1811900,,1997670000,318360000,1679310000,
52950,123900,2397115000,18515725000,16118610000,36295390000,1001610108.7,1022177282.6,78.7,54200,8963,0.1,6700,-85700,-1618480000,18850,"2023-03-02T10:30:00.000Z",1677753000000,18900,18850,18900,6.8,93.2,0,0.1,1.7,,13.8,92400,99100,1911000,,1871740000,126630000,1745110000,
52950,230700,4416525000,20870665000,16454140000,38985860000,1001610108.7,1022177282.6,-98.2,54200,8963,7,124600,106800,2019410000,18850,"2023-03-02T10:35:00.000Z",1677753300000,18900,18850,18850,87.5,12.5,0,2.4,0.3,,0.1,17800,142400,2053400,,2690470000,2354940000,335530000,
52950,216400,4149420000,21796765000,17647345000,41105165000,1001610108.7,1022177282.6,13,54200,8963,0.8,49000,-14300,-267105000,18850,"2023-03-02T10:40:00.000Z",1677753600000,18900,18850,18850,43.6,56.4,0,0.9,1.2,,1.3,63300,112300,2165700,,2119305000,926100000,1193205000,
52950,216500,4151425000,21842125000,17690700000,41193880000,1001610108.7,1022177282.6,-0.1,54200,8963,1,2400,100,2005000,18900,"2023-03-02T10:45:00.000Z",1677753900000,18900,18850,18900,51.1,48.9,0,0,0,,1,2300,4700,2170400,,88715000,45360000,43355000,
52950,294600,5627910000,23467525000,17839615000,42968195000,1001610108.7,1022177282.6,-71.8,54200,8963,10.9,86000,78100,1476485000,18900,"2023-03-02T10:50:00.000Z",1677754200000,18900,18850,18850,91.6,8.4,0,1.6,0.1,,0.1,7900,93900,2264300,,1774315000,1625400000,148915000,
52950,180100,3469885000,23503370000,20033485000,45197910000,1001610108.7,1022177282.6,104.9,54200,8963,0,1900,-114500,-2158025000,18850,"2023-03-02T10:55:00.000Z",1677754500000,18900,18800,18850,1.6,98.4,0,0,2.1,,61.3,116400,118300,2382600,,2229715000,35845000,2193870000,
52950,93900,1849495000,23567460000,21717965000,46946480000,1001610108.7,1022177282.6,78.8,54200,8963,0,3400,-86200,-1620390000,18800,"2023-03-02T11:00:00.000Z",1677754800000,18850,18800,18850,3.7,96.3,0,0.1,1.7,,26.4,89600,93000,2475600,,1748570000,64090000,1684480000,
52950,66800,1341060000,24549750000,23208690000,49419495000,1001610108.7,1022177282.6,24.7,54200,8963,0.7,52200,-27100,-508435000,18850,"2023-03-02T11:05:00.000Z",1677755100000,18850,18750,18800,39.7,60.3,0,1,1.5,,1.5,79300,131500,2607100,,2473015000,982290000,1490725000,
52950,95000,1873030000,25401770000,23528740000,50591565000,1001610108.7,1022177282.6,-25.9,54200,8963,2.7,45200,28200,531970000,18850,"2023-03-02T11:10:00.000Z",1677755400000,18850,18800,18850,72.7,27.3,0,0.9,0.3,,0.4,17000,62200,2669300,,1172070000,852020000,320050000,
52950,95500,1882525000,25460230000,23577705000,50698990000,1001610108.7,1022177282.6,-0.5,54200,8963,1.2,3100,500,9495000,18850,"2023-03-02T11:15:00.000Z",1677755700000,18900,18800,18800,54.4,45.6,0,0.1,0,,0.8,2600,5700,2675000,,107425000,58460000,48965000,
52950,31300,674895000,25665695000,24990800000,52317550000,1001610108.7,1022177282.6,58.7,54200,8963,0.1,10900,-64200,-1207630000,18850,"2023-03-02T11:20:00.000Z",1677756000000,18850,18800,18850,12.7,87.3,0,0.2,1.4,,6.9,75100,86000,2761000,,1618560000,205465000,1413095000,
52950,103900,2045410000,27162500000,25117090000,53940645000,1001610108.7,1022177282.6,-66.6,54200,8963,11.8,79300,72600,1370515000,18850,"2023-03-02T11:25:00.000Z",1677756300000,18900,18800,18800,92.2,7.8,0,1.5,0.1,,0.1,6700,86000,2847000,,1623095000,1496805000,126290000,
52950,163100,3161375000,28498965000,25337590000,55697420000,1001610108.7,1022177282.6,-54.3,54200,8963,6.1,70900,59200,1115965000,18850,"2023-03-02T13:00:00.000Z",1677762000000,18850,18800,18850,76.1,12.6,11.4,1.3,0.2,1.2,0.2,11700,93200,2940200,10600,1756775000,1336465000,220500000,199810000
52950,188300,3637565000,29786595000,26149030000,57932210000,1001610108.7,1022177282.6,-23.2,54200,8963,1.6,68300,25200,476190000,18900,"2023-03-02T13:05:00.000Z",1677762300000,18900,18800,18850,57.6,36.3,6.1,1.3,0.8,0.8,0.6,43100,118600,3058800,7200,2234790000,1287630000,811440000,135720000
52950,320200,6130720000,32372115000,26241395000,60610095000,1001610108.7,1022177282.6,-121.2,54200,8963,27.9,136800,131900,2493155000,18900,"2023-03-02T13:10:00.000Z",1677762600000,18900,18850,18900,96.5,3.5,0,2.6,0.1,,0,4900,141700,3200500,,2677885000,2585520000,92365000,
52950,288700,5537780000,32687745000,27149965000,61834295000,1001610108.7,1022177282.6,28.8,54200,8963,0.3,16700,-31500,-592940000,18850,"2023-03-02T13:15:00.000Z",1677762900000,18900,18850,18850,25.7,74.3,0,0.3,0.9,,2.9,48200,64900,3265400,,1224200000,315630000,908570000,
52950,306000,5865730000,33385155000,27519425000,62901165000,1001610108.7,1022177282.6,-15.9,54200,8963,1.9,36900,17300,327950000,18850,"2023-03-02T13:20:00.000Z",1677763200000,18900,18850,18850,65.3,34.7,0,0.7,0.4,,0.5,19600,56500,3321900,,1066870000,697410000,369460000,
52950,219900,4243390000,33583140000,29339750000,64928900000,1001610108.7,1022177282.6,78.9,54200,8963,0.1,10500,-86100,-1622340000,18850,"2023-03-02T13:25:00.000Z",1677763500000,18900,18800,18850,9.8,89.8,0.5,0.2,1.8,0.1,9.2,96600,107600,3429500,500,2027735000,197985000,1820325000,9425000
52950,229200,4419380000,34190125000,29770745000,65966880000,1001610108.7,1022177282.6,-8.6,54200,8963,1.4,32200,9300,175990000,18850,"2023-03-02T13:30:00.000Z",1677763800000,18900,18800,18850,58.4,41.6,0,0.6,0.4,,0.7,22900,55100,3484600,,1037980000,606985000,430995000,
52950,227500,4387350000,34293810000,29906460000,66206280000,1001610108.7,1022177282.6,1.6,54200,8963,0.8,5500,-1700,-32030000,18850,"2023-03-02T13:35:00.000Z",1677764100000,18900,18800,18850,43.3,56.7,0,0.1,0.1,,1.3,7200,12700,3497300,,239400000,103685000,135715000,
52950,-15500,-182655000,34434810000,34617465000,71058285000,1001610108.7,1022177282.6,222.2,54200,8963,0,7500,-243000,-4570005000,18800,"2023-03-02T13:40:00.000Z",1677764400000,18850,18750,18850,2.9,97.1,0,0.1,4.6,,33.4,250500,258000,3755300,,4852005000,141000000,4711005000,
52950,-20600,-277430000,34884130000,35161560000,72239700000,1001610108.7,1022177282.6,4.6,54200,8963,0.8,23900,-5100,-94775000,18750,"2023-03-02T13:45:00.000Z",1677764700000,18800,18750,18750,38,46.1,15.9,0.5,0.5,1.1,1.2,29000,62900,3818200,10000,1181415000,449320000,544095000,188000000
52950,-76200,-1319125000,35186810000,36505935000,73886755000,1001610108.7,1022177282.6,50.6,54200,8963,0.2,16100,-55600,-1041695000,18750,"2023-03-02T13:50:00.000Z",1677765000000,18800,18750,18750,18.3,81.7,0,0.3,1.3,,4.5,71700,87800,3906000,,1647055000,302680000,1344375000,
52950,-97600,-1719420000,36303550000,38022970000,76520530000,1001610108.7,1022177282.6,19.5,54200,8963,0.7,59400,-21400,-400295000,18750,"2023-03-02T13:55:00.000Z",1677765300000,18850,18750,18750,42.4,57.6,0,1.1,1.5,,1.4,80800,140200,4046200,,2633775000,1116740000,1517035000,
52950,-154000,-2775820000,37018185000,39794005000,79006200000,1001610108.7,1022177282.6,51.4,54200,8963,0.4,38000,-56400,-1056400000,18850,"2023-03-02T14:00:00.000Z",1677765600000,18850,18750,18750,28.7,71.3,0,0.7,1.7,,2.5,94400,132400,4178600,,2485670000,714635000,1771035000,
52950,-141700,-2543475000,38421770000,40965245000,81618725000,1001610108.7,1022177282.6,-11.3,54200,8963,1.2,74600,12300,232345000,18850,"2023-03-02T14:05:00.000Z",1677765900000,18850,18800,18850,53.7,44.9,1.4,1.4,1.1,0.2,0.8,62300,138900,4317500,2000,2612525000,1403585000,1171240000,37700000
52950,-138900,-2488925000,39215265000,41704190000,83151165000,1001610108.7,1022177282.6,-2.7,54200,8963,1.1,42100,2800,54550000,18800,"2023-03-02T14:10:00.000Z",1677766200000,18850,18800,18850,51.7,48.3,0,0.8,0.7,,0.9,39300,81400,4398900,,1532440000,793495000,738945000,
52950,-56800,-941180000,40823170000,41764350000,84819230000,1001610108.7,1022177282.6,-75.3,54200,8963,26.7,85300,82100,1547745000,18800,"2023-03-02T14:15:00.000Z",1677766500000,18850,18800,18850,96.4,3.6,0,1.6,0.1,,0,3200,88500,4487400,,1668065000,1607905000,60160000,
52950,-28400,-406070000,44086090000,44492160000,90809960000,1001610108.7,1022177282.6,-26,54200,8963,1.2,173500,28400,535110000,18800,"2023-03-02T14:20:00.000Z",1677766800000,18850,18750,18800,54.5,45.5,0,3.3,2.7,,0.8,145100,318600,4806000,,5990730000,3262920000,2727810000,
52950,-57500,-946090000,46074065000,47020155000,95325930000,1001610108.7,1022177282.6,26.3,54200,8963,0.8,105800,-29100,-540020000,18800,"2023-03-02T14:25:00.000Z",1677767100000,18800,18700,18800,44,56,0,2,2.5,,1.3,134900,240700,5046700,,4515970000,1987975000,2527995000,
52950,-57500,-946090000,46074065000,47020155000,100818355000,1001610108.7,1022177282.6,0,54200,8963,NaN,,0,0,18650,"2023-03-02T14:45:00.000Z",1677768300000,18650,18650,18650,0,0,100,,,32.9,NaN,,294500,5341200,294500,5492425000,,,5492425000
