"abu","acum_busd","acum_busd_val","acum_val_bu","acum_val_sd","acum_val","avg_val_bu","avg_val_sd","rbusd","asd","auk","bs","bu","bu-sd","bu-sd_val","c","date","datetime","h","l","o","pbu","psd","puk","rbu","rsd","ruk","sb","sd","sum_vol","total_vol","uk","val","val_bu","val_sd","val_uk"
60808.7,-2700,-32655000,1356275000,1388930000,6494475000,811120108.7,688447173.9,-0.3,51871.7,10208.7,1,102400,-2700,-32655000,13250,"2023-03-15T09:15:00.000Z",1678871700000,13300,13200,13300,20.9,21.5,57.6,1.7,2,27.6,1,105100,489400,489400,281900,6494475000,1356275000,1388930000,3749270000
60808.7,8900,122335000,2049250000,1926915000,7725435000,811120108.7,688447173.9,1.3,51871.7,10208.7,1.3,52300,11600,154990000,13200,"2023-03-15T09:20:00.000Z",1678872000000,13250,13200,13250,56.2,43.8,0,0.9,0.8,,0.8,40700,93000,582400,,1230960000,692975000,537985000,
60808.7,-76000,-998180000,2302805000,3300985000,9353060000,811120108.7,688447173.9,-9.1,51871.7,10208.7,0.2,19200,-84900,-1120515000,13200,"2023-03-15T09:25:00.000Z",1678872300000,13250,13150,13200,15.6,84.4,0,0.3,2,,5.4,104100,123300,705700,,1627625000,253555000,1374070000,
60808.7,-63900,-837390000,3405005000,4242395000,11396670000,811120108.7,688447173.9,1.3,51871.7,10208.7,1.2,83500,12100,160790000,13200,"2023-03-15T09:30:00.000Z",1678872600000,13200,13150,13200,53.9,46.1,0,1.4,1.4,,0.9,71400,154900,860600,,2043610000,1102200000,941410000,
60808.7,-200400,-2630450000,3534290000,6164740000,13448300000,811120108.7,688447173.9,-14.6,51871.7,10208.7,0.1,9800,-136500,-1793060000,13100,"2023-03-15T09:35:00.000Z",1678872900000,13200,13100,13150,6.3,93.7,0,0.2,2.8,,14.9,146300,156100,1016700,,2051630000,129285000,1922345000,
60808.7,-216500,-2841270000,3814395000,6655665000,14219330000,811120108.7,688447173.9,-1.7,51871.7,10208.7,0.6,21300,-16100,-210820000,13150,"2023-03-15T09:40:00.000Z",1678873200000,13200,13100,13100,36.3,63.7,0,0.4,0.7,,1.8,37400,58700,1075400,,771030000,280105000,490925000,
60808.7,-236200,-3100265000,3830235000,6930500000,14510005000,811120108.7,688447173.9,-2.1,51871.7,10208.7,0.1,1200,-19700,-258995000,13150,"2023-03-15T09:45:00.000Z",1678873500000,13200,13150,13150,5.4,94.6,0,0,0.4,,17.4,20900,22100,1097500,,290675000,15840000,274835000,
60808.7,-301200,-3953120000,3981460000,7934580000,15685035000,811120108.7,688447173.9,-7,51871.7,10208.7,0.2,11500,-65000,-852855000,13100,"2023-03-15T09:50:00.000Z",1678873800000,13150,13100,13150,12.8,85.5,1.7,0.2,1.5,0.1,6.7,76500,89500,1187000,1500,1175030000,151225000,1004080000,19725000
60808.7,-352300,-4622480000,4079760000,8702240000,16550995000,811120108.7,688447173.9,-5.5,51871.7,10208.7,0.1,7500,-51100,-669360000,13150,"2023-03-15T09:55:00.000Z",1678874100000,13150,13100,13100,11.3,88.7,0,0.1,1.1,,7.8,58600,66100,1253100,,865960000,98300000,767660000,
60808.7,-355700,-4666975000,4091595000,8758570000,16619160000,811120108.7,688447173.9,-0.4,51871.7,10208.7,0.2,900,-3400,-44495000,13100,"2023-03-15T10:00:00.000Z",1678874400000,13150,13100,13150,17.3,82.7,0,0,0.1,,4.8,4300,5200,1258300,,68165000,11835000,56330000,
60808.7,-453600,-5948415000,4367745000,10316160000,18452900000,811120108.7,688447173.9,-10.4,51871.7,10208.7,0.2,21000,-97900,-1281440000,13150,"2023-03-15T10:05:00.000Z",1678874700000,13150,13100,13100,15,85,0,0.3,2.3,,5.7,118900,139900,1398200,,1833740000,276150000,1557590000,
60808.7,-408400,-5353920000,5009580000,10363500000,19142075000,811120108.7,688447173.9,4.8,51871.7,10208.7,13.6,48800,45200,594495000,13150,"2023-03-15T10:10:00.000Z",1678875000000,13200,13150,13150,93.1,6.9,0,0.8,0.1,,0.1,3600,52400,1450600,,689175000,641835000,47340000,
60808.7,-458600,-6012970000,5833615000,11846585000,21449195000,811120108.7,688447173.9,-5.4,51871.7,10208.7,0.6,62900,-50200,-659050000,13150,"2023-03-15T10:15:00.000Z",1678875300000,13200,13100,13150,35.7,64.3,0,1,2.2,,1.8,113100,176000,1626600,,2307120000,824035000,1483085000,
60808.7,-457100,-5993100000,5871895000,11864995000,21505885000,811120108.7,688447173.9,0.2,51871.7,10208.7,2.1,2900,1500,19870000,13150,"2023-03-15T10:20:00.000Z",1678875600000,13200,13150,13150,67.4,32.6,0,0,0,,0.5,1400,4300,1630900,,56690000,38280000,18410000,
60808.7,-245900,-3199045000,8804900000,12003945000,24577840000,811120108.7,688447173.9,22.8,51871.7,10208.7,21.1,221700,211200,2794055000,13250,"2023-03-15T10:25:00.000Z",1678875900000,13250,13150,13150,95.5,4.5,0,3.6,0.2,,0,10500,232200,1863100,,3071955000,2933005000,138950000,
60808.7,-54100,-647720000,11679260000,12326980000,27775235000,811120108.7,688447173.9,20.8,51871.7,10208.7,8.9,216100,191800,2551325000,13350,"2023-03-15T10:30:00.000Z",1678876200000,13350,13250,13250,89.9,10.1,0,3.6,0.5,,0.1,24300,240400,2103500,,3197395000,2874360000,323035000,
60808.7,-142300,-1818100000,12073430000,13891530000,29733955000,811120108.7,688447173.9,-9.5,51871.7,10208.7,0.3,29700,-88200,-1170380000,13300,"2023-03-15T10:35:00.000Z",1678876500000,13300,13250,13300,20.1,79.9,0,0.5,2.3,,4,117900,147600,2251100,,1958720000,394170000,1564550000,
60808.7,-110700,-1397555000,12564200000,13961755000,30294950000,811120108.7,688447173.9,3.4,51871.7,10208.7,7,36900,31600,420545000,13300,"2023-03-15T10:40:00.000Z",1678876800000,13300,13250,13250,87.4,12.6,0,0.6,0.1,,0.1,5300,42200,2293300,,560995000,490770000,70225000,
60808.7,26500,433490000,15495010000,15061520000,34325525000,811120108.7,688447173.9,14.9,51871.7,10208.7,2.7,219700,137200,1831045000,13350,"2023-03-15T10:45:00.000Z",1678877100000,13400,13250,13250,72.7,27.3,0,3.6,1.6,,0.4,82500,302200,2595500,,4030575000,2930810000,1099765000,
60808.7,136400,1907165000,17562230000,15655065000,36986290000,811120108.7,688447173.9,12,51871.7,10208.7,3.5,154200,109900,1473675000,13400,"2023-03-15T10:50:00.000Z",1678877400000,13450,13350,13400,77.7,22.3,0,2.5,0.9,,0.3,44300,198500,2794000,,2660765000,2067220000,593545000,
60808.7,137200,1919045000,17921350000,16002305000,37692650000,811120108.7,688447173.9,0.1,51871.7,10208.7,1,26800,800,11880000,13400,"2023-03-15T10:55:00.000Z",1678877700000,13400,13350,13400,50.8,49.2,0,0.4,0.5,,1,26000,52800,2846800,,706360000,359120000,347240000,
60808.7,130800,1836530000,18825400000,16988870000,39583265000,811120108.7,688447173.9,-0.7,51871.7,10208.7,0.9,67500,-6400,-82515000,13350,"2023-03-15T11:00:00.000Z",1678878000000,13400,13350,13400,47.7,52.3,0,1.1,1.4,,1.1,73900,141400,2988200,,1890615000,904050000,986565000,
60808.7,71000,1038275000,19001690000,17963415000,40734100000,811120108.7,688447173.9,-6.5,51871.7,10208.7,0.2,13200,-59800,-798255000,13350,"2023-03-15T11:05:00.000Z",1678878300000,13400,13300,13300,15.3,84.7,0,0.2,1.4,,5.5,73000,86200,3074400,,1150835000,176290000,974545000,
60808.7,65400,963895000,19028390000,18064495000,40861880000,811120108.7,688447173.9,-0.6,51871.7,10208.7,0.3,2000,-5600,-74380000,13350,"2023-03-15T11:10:00.000Z",1678878600000,13350,13300,13350,20.8,79.2,0,0,0.1,,3.8,7600,9600,3084000,,127780000,26700000,101080000,
60808.7,85500,1232230000,19533020000,18300790000,41602805000,811120108.7,688447173.9,2.2,51871.7,10208.7,2.1,37800,20100,268335000,13350,"2023-03-15T11:15:00.000Z",1678878900000,13350,13350,13350,68.1,31.9,0,0.6,0.3,,0.5,17700,55500,3139500,,740925000,504630000,236295000,
60808.7,109100,1549135000,20027480000,18478345000,42274820000,811120108.7,688447173.9,2.6,51871.7,10208.7,2.8,36900,23600,316905000,13350,"2023-03-15T11:20:00.000Z",1678879200000,13400,13350,13350,73.5,26.5,0,0.6,0.3,,0.4,13300,50200,3189700,,672015000,494460000,177555000,
60808.7,13700,276565000,20043560000,19766995000,43579550000,811120108.7,688447173.9,-10.4,51871.7,10208.7,0,1200,-95400,-1272570000,13300,"2023-03-15T11:25:00.000Z",1678879500000,13400,13300,13350,1.2,98.8,0,0,1.9,,80.5,96600,97800,3287500,,1304730000,16080000,1288650000,
60808.7,301600,4144355000,25169755000,21025400000,49964150000,811120108.7,688447173.9,31.5,51871.7,10208.7,4,382400,287900,3867790000,13350,"2023-03-15T13:00:00.000Z",1678885200000,13450,13300,13300,80.2,19.8,0,6.3,1.8,,0.2,94500,476900,3764400,,6384600000,5126195000,1258405000,
60808.7,333000,4565180000,25735235000,21170055000,50674285000,811120108.7,688447173.9,3.4,51871.7,10208.7,3.9,42200,31400,420825000,13400,"2023-03-15T13:05:00.000Z",1678885500000,13400,13350,13400,79.6,20.4,0,0.7,0.2,,0.3,10800,53000,3817400,,710135000,565480000,144655000,
60808.7,257200,3553290000,25773990000,22220700000,51763685000,811120108.7,688447173.9,-8.2,51871.7,10208.7,0,2900,-75800,-1011890000,13350,"2023-03-15T13:10:00.000Z",1678885800000,13400,13350,13350,3.6,96.4,0,0,1.5,,27.1,78700,81600,3899000,,1089400000,38755000,1050645000,
60808.7,287700,3960465000,26536275000,22575810000,52881080000,811120108.7,688447173.9,3.3,51871.7,10208.7,2.1,57100,30500,407175000,13350,"2023-03-15T13:15:00.000Z",1678886100000,13350,13350,13350,68.2,31.8,0,0.9,0.5,,0.5,26600,83700,3982700,,1117395000,762285000,355110000,
60808.7,238200,3299675000,26545655000,23245980000,53560630000,811120108.7,688447173.9,-5.4,51871.7,10208.7,0,700,-49500,-660790000,13400,"2023-03-15T13:20:00.000Z",1678886400000,13400,13350,13350,1.4,98.6,0,0,1,,71.7,50200,50900,4033600,,679550000,9380000,670170000,
60808.7,291200,4010115000,27320175000,23310060000,54399230000,811120108.7,688447173.9,5.8,51871.7,10208.7,12,57800,53000,710440000,13400,"2023-03-15T13:25:00.000Z",1678886700000,13400,13350,13350,92.3,7.7,0,1,0.1,,0.1,4800,62600,4096200,,838600000,774520000,64080000,
60808.7,407200,5565225000,29236625000,23671400000,56677020000,811120108.7,688447173.9,12.7,51871.7,10208.7,5.3,143000,116000,1555110000,13400,"2023-03-15T13:30:00.000Z",1678887000000,13450,13350,13400,84.1,15.9,0,2.4,0.5,,0.2,27000,170000,4266200,,2277790000,1916450000,361340000,
60808.7,441200,6020905000,30523035000,24502130000,58794160000,811120108.7,688447173.9,3.7,51871.7,10208.7,1.5,96000,34000,455680000,13400,"2023-03-15T13:35:00.000Z",1678887300000,13450,13350,13400,60.8,39.2,0,1.6,1.2,,0.6,62000,158000,4424200,,2117140000,1286410000,830730000,
60808.7,451200,6156230000,31008100000,24851870000,59628965000,811120108.7,688447173.9,1.1,51871.7,10208.7,1.4,36100,10000,135325000,13400,"2023-03-15T13:40:00.000Z",1678887600000,13450,13400,13400,58,42,0,0.6,0.5,,0.7,26100,62200,4486400,,834805000,485065000,349740000,
60808.7,414500,5666005000,31662190000,25996185000,61427370000,811120108.7,688447173.9,-4,51871.7,10208.7,0.6,48700,-36700,-490225000,13400,"2023-03-15T13:45:00.000Z",1678887900000,13450,13350,13450,36.3,63.7,0,0.8,1.6,,1.8,85400,134100,4620500,,1798405000,654090000,1144315000,
60808.7,378900,5188990000,32049475000,26860485000,62678955000,811120108.7,688447173.9,-3.9,51871.7,10208.7,0.4,28900,-35600,-477015000,13400,"2023-03-15T13:50:00.000Z",1678888200000,13450,13400,13400,30.9,69.1,0,0.5,1.2,,2.2,64500,93400,4713900,,1251585000,387285000,864300000,
60808.7,276200,3818425000,32196780000,28378355000,64344130000,811120108.7,688447173.9,-11.2,51871.7,10208.7,0.1,11000,-102700,-1370565000,13350,"2023-03-15T13:55:00.000Z",1678888500000,13400,13300,13400,8.8,91.2,0,0.2,2.2,,10.3,113700,124700,4838600,,1665175000,147305000,1517870000,
60808.7,259600,3598865000,32522520000,28923655000,65215170000,811120108.7,688447173.9,-1.8,51871.7,10208.7,0.6,24400,-16600,-219560000,13300,"2023-03-15T14:00:00.000Z",1678888800000,13350,13300,13300,37.3,62.7,0,0.4,0.8,,1.7,41000,65400,4904000,,871040000,325740000,545300000,
60808.7,185100,2608205000,32573250000,29965045000,66307290000,811120108.7,688447173.9,-8.1,51871.7,10208.7,0,3800,-74500,-990660000,13300,"2023-03-15T14:05:00.000Z",1678889100000,13350,13300,13300,4.6,95.4,0,0.1,1.5,,20.6,78300,82100,4986100,,1092120000,50730000,1041390000,
60808.7,157800,2245290000,32734355000,30489065000,66992415000,811120108.7,688447173.9,-3,51871.7,10208.7,0.3,12100,-27300,-362915000,13350,"2023-03-15T14:10:00.000Z",1678889400000,13350,13300,13300,23.5,76.5,0,0.2,0.8,,3.3,39400,51500,5037600,,685125000,161105000,524020000,
60808.7,243500,3391400000,33892465000,30501065000,68162525000,811120108.7,688447173.9,9.3,51871.7,10208.7,96.2,86600,85700,1146110000,13400,"2023-03-15T14:15:00.000Z",1678889700000,13400,13300,13350,99,1,0,1.4,0,,0,900,87500,5125100,,1170110000,1158110000,12000000,
60808.7,243500,3392355000,34148405000,30756050000,68673450000,811120108.7,688447173.9,0,51871.7,10208.7,1,19100,0,955000,13400,"2023-03-15T14:20:00.000Z",1678890000000,13400,13350,13400,50,50,0,0.3,0.4,,1,19100,38200,5163300,,510925000,255940000,254985000,
60808.7,411100,5642955000,37311525000,31668570000,72749090000,811120108.7,688447173.9,18.3,51871.7,10208.7,3.5,235500,167600,2250600000,13400,"2023-03-15T14:25:00.000Z",1678890300000,13450,13400,13400,77.6,22.4,0,3.9,1.3,,0.3,67900,303400,5466700,,4075640000,3163120000,912520000,
60808.7,411100,5642955000,37311525000,31668570000,75253480000,811120108.7,688447173.9,0,51871.7,10208.7,NaN,,0,0,13450,"2023-03-15T14:45:00.000Z",1678891500000,13450,13450,13450,0,0,100,,,18.2,NaN,,186200,5652900,186200,2504390000,,,2504390000
