"abu","acum_busd","acum_busd_val","acum_val_bu","acum_val_sd","acum_val","avg_val_bu","avg_val_sd","rbusd","asd","auk","bs","bu","bu-sd","bu-sd_val","c","date","datetime","h","l","o","pbu","psd","puk","rbu","rsd","ruk","sb","sd","sum_vol","total_vol","uk","val","val_bu","val_sd","val_uk"
87447.8,231700,1098932000,2775483000,1676551000,4452034000,399414000,243773717.4,7.1,53758.7,415.2,1.6,609300,231700,1098932000,4450,"2023-03-15T09:15:00.000Z",1678871700000,4590,4400,4590,61.7,38.3,0,7,7,,0.6,377600,986900,986900,,4452034000,2775483000,1676551000,
87447.8,94800,490660000,2955166000,2464506000,5420568000,399414000,243773717.4,-3.9,53758.7,415.2,0.2,40400,-136900,-608272000,4450,"2023-03-15T09:20:00.000Z",1678872000000,4480,4430,4480,18.5,81.4,0.1,0.5,3.3,0.5,4.4,177300,217900,1204800,200,968534000,179683000,787955000,896000
87447.8,116100,586619000,3381285000,2794666000,6176847000,399414000,243773717.4,0.6,53758.7,415.2,1.3,95200,21300,95959000,4470,"2023-03-15T09:25:00.000Z",1678872300000,4480,4450,4450,56.3,43.7,0,1.1,1.4,,0.8,73900,169100,1373900,,756279000,426119000,330160000,
87447.8,133200,665597000,4300378000,3634781000,7936055000,399414000,243773717.4,0.5,53758.7,415.2,1.1,204900,17100,78978000,4450,"2023-03-15T09:30:00.000Z",1678872600000,4520,4450,4470,52.2,47.8,0,2.3,3.5,,0.9,187800,392700,1766600,,1759208000,919093000,840115000,
87447.8,319600,1502452000,5344207000,3841755000,9186858000,399414000,243773717.4,5.4,53758.7,415.2,5.1,232400,186400,836855000,4490,"2023-03-15T09:35:00.000Z",1678872900000,4510,4470,4470,83.5,16.5,0,2.7,0.9,,0.2,46000,278400,2045000,,1250803000,1043829000,206974000,
87447.8,335100,1572188000,5426515000,3854327000,9281738000,399414000,243773717.4,0.4,53758.7,415.2,6.5,18300,15500,69736000,4500,"2023-03-15T09:40:00.000Z",1678873200000,4500,4490,4490,86.7,13.3,0,0.2,0.1,,0.2,2800,21100,2066100,,94880000,82308000,12572000,
87447.8,381500,1781107000,5735201000,3954094000,9690191000,399414000,243773717.4,1.3,53758.7,415.2,3.1,68600,46400,208919000,4490,"2023-03-15T09:45:00.000Z",1678873500000,4510,4490,4500,75.6,24.4,0,0.8,0.4,,0.3,22200,90800,2156900,,408453000,308686000,99767000,
87447.8,373200,1743955000,5749569000,4005614000,9756079000,399414000,243773717.4,-0.2,53758.7,415.2,0.3,3200,-8300,-37152000,4480,"2023-03-15T09:50:00.000Z",1678873800000,4490,4480,4490,21.8,78.2,0,0,0.2,,3.6,11500,14700,2171600,,65888000,14368000,51520000,
87447.8,375700,1755179000,5824409000,4069230000,9894535000,399414000,243773717.4,0.1,53758.7,415.2,1.2,16700,2500,11224000,4480,"2023-03-15T09:55:00.000Z",1678874100000,4490,4480,4480,54,46,0,0.2,0.3,,0.9,14200,30900,2202500,,138456000,74840000,63616000,
87447.8,387500,1808053000,5881753000,4073700000,9956349000,399414000,243773717.4,0.3,53758.7,415.2,12.8,12800,11800,52874000,4480,"2023-03-15T10:00:00.000Z",1678874400000,4480,4470,4480,92.8,7.2,0,0.1,0,,0.1,1000,13800,2216300,,61814000,57344000,4470000,
87447.8,450800,2091688000,6171212000,4079524000,10251632000,399414000,243773717.4,1.8,53758.7,415.2,49.7,64600,63300,283635000,4490,"2023-03-15T10:05:00.000Z",1678874700000,4490,4480,4480,98,2,0,0.7,0,,0,1300,65900,2282200,,295283000,289459000,5824000,
87447.8,464200,2151952000,6233721000,4081769000,10316386000,399414000,243773717.4,0.4,53758.7,415.2,27.8,13900,13400,60264000,4500,"2023-03-15T10:10:00.000Z",1678875000000,4500,4490,4490,96.5,3.5,0,0.2,0,,0,500,14400,2296600,,64754000,62509000,2245000,
87447.8,456600,2117852000,6244521000,4126669000,10372086000,399414000,243773717.4,-0.2,53758.7,415.2,0.2,2400,-7600,-34100000,4500,"2023-03-15T10:15:00.000Z",1678875300000,4500,4490,4500,19.4,80.6,0,0,0.2,,4.2,10000,12400,2309000,,55700000,10800000,44900000,
87447.8,465000,2155704000,6305721000,4150017000,10456634000,399414000,243773717.4,0.2,53758.7,415.2,2.6,13600,8400,37852000,4500,"2023-03-15T10:20:00.000Z",1678875600000,4500,4490,4500,72.3,27.7,0,0.2,0.1,,0.4,5200,18800,2327800,,84548000,61200000,23348000,
87447.8,499900,2312770000,6522182000,4209412000,10732490000,399414000,243773717.4,1,53758.7,415.2,3.6,48100,34900,157066000,4500,"2023-03-15T10:25:00.000Z",1678875900000,4510,4490,4500,78.5,21.5,0,0.6,0.2,,0.3,13200,61300,2389100,,275856000,216461000,59395000,
87447.8,589700,2716884000,7134952000,4418068000,11553916000,399414000,243773717.4,2.6,53758.7,415.2,2.9,136100,89800,404114000,4520,"2023-03-15T10:30:00.000Z",1678876200000,4520,4500,4500,74.6,25.4,0,1.6,0.9,,0.3,46300,182400,2571500,,821426000,612770000,208656000,
87447.8,629900,2898736000,7397082000,4498346000,11896324000,399414000,243773717.4,1.2,53758.7,415.2,3.3,58000,40200,181852000,4520,"2023-03-15T10:35:00.000Z",1678876500000,4520,4510,4510,76.5,23.5,0,0.7,0.3,,0.3,17800,75800,2647300,,342408000,262130000,80278000,
87447.8,593500,2734796000,7446363000,4711567000,12160634000,399414000,243773717.4,-1.1,53758.7,415.2,0.2,10900,-36400,-163940000,4500,"2023-03-15T10:40:00.000Z",1678876800000,4530,4500,4520,18.6,80.7,0.7,0.1,0.9,1,4.3,47300,58600,2705900,400,264310000,49281000,213221000,1808000
87447.8,602400,2775091000,7488918000,4713827000,12238445000,399414000,243773717.4,0.3,53758.7,415.2,18.8,9400,8900,40295000,4530,"2023-03-15T10:45:00.000Z",1678877100000,4530,4520,4520,54.7,2.9,42.4,0.1,0,17.6,0.1,500,17200,2723100,7300,77811000,42555000,2260000,32996000
87447.8,653200,3006357000,7851246000,4844889000,12731835000,399414000,243773717.4,1.5,53758.7,415.2,2.8,79700,50800,231266000,4520,"2023-03-15T10:50:00.000Z",1678877400000,4550,4520,4540,73.4,26.6,0,0.9,0.5,,0.4,28900,108600,2831700,,493390000,362328000,131062000,
87447.8,661300,3043314000,7992203000,4948889000,12981794000,399414000,243773717.4,0.2,53758.7,415.2,1.4,31000,8100,36957000,4560,"2023-03-15T10:55:00.000Z",1678877700000,4560,4530,4530,56.4,41.6,2,0.4,0.4,2.6,0.7,22900,55000,2886700,1100,249959000,140957000,104000000,5002000
87447.8,618700,2849760000,8035067000,5185307000,13261076000,399414000,243773717.4,-1.2,53758.7,415.2,0.2,9400,-42600,-193554000,4540,"2023-03-15T11:00:00.000Z",1678878000000,4560,4540,4560,15.3,84.7,0,0.1,1,,5.5,52000,61400,2948100,,279282000,42864000,236418000,
87447.8,478300,2217390000,8073834000,5856444000,13970980000,399414000,243773717.4,-4.1,53758.7,415.2,0.1,8600,-140400,-632370000,4510,"2023-03-15T11:05:00.000Z",1678878300000,4540,4500,4540,5.5,94.5,0,0.1,2.8,,17.3,149000,157600,3105700,,709904000,38767000,671137000,
87447.8,477900,2215589000,8074288000,5858699000,13973689000,399414000,243773717.4,0,53758.7,415.2,0.2,100,-400,-1801000,4540,"2023-03-15T11:10:00.000Z",1678878600000,4540,4510,4510,16.7,83.3,0,0,0,,5,500,600,3106300,,2709000,454000,2255000,
87447.8,478000,2216047000,8077006000,5860959000,13978667000,399414000,243773717.4,0,53758.7,415.2,1.2,600,100,458000,4530,"2023-03-15T11:15:00.000Z",1678878900000,4530,4520,4520,54.5,45.5,0,0,0,,0.8,500,1100,3107400,,4978000,2718000,2260000,
87447.8,497000,2302251000,8241535000,5939284000,14221521000,399414000,243773717.4,0.6,53758.7,415.2,2.1,36300,19000,86204000,4530,"2023-03-15T11:20:00.000Z",1678879200000,4540,4520,4530,67.7,32.3,0,0.4,0.3,,0.5,17300,53600,3161000,,242854000,164529000,78325000,
87447.8,529600,2450485000,8441088000,5990603000,14472393000,399414000,243773717.4,1,53758.7,415.2,3.9,43900,32600,148234000,4560,"2023-03-15T11:25:00.000Z",1678879500000,4560,4530,4530,79.5,20.5,0,0.5,0.2,,0.3,11300,55200,3216200,,250872000,199553000,51319000,
87447.8,703900,3247348000,9296376000,6049028000,15390676000,399414000,243773717.4,5.1,53758.7,415.2,14.6,187100,174300,796863000,4590,"2023-03-15T13:00:00.000Z",1678885200000,4590,4530,4560,93.1,6.4,0.5,2.1,0.2,2.4,0.1,12800,200900,3417100,1000,918283000,855288000,58425000,4570000
87447.8,729200,3365323000,9792651000,6427328000,16265251000,399414000,243773717.4,0.8,53758.7,415.2,1.3,108400,25300,117975000,4540,"2023-03-15T13:05:00.000Z",1678885500000,4600,4540,4590,56.6,43.4,0,1.2,1.5,,0.8,83100,191500,3608600,,874575000,496275000,378300000,
87447.8,733800,3386241000,9829459000,6443218000,16317949000,399414000,243773717.4,0.1,53758.7,415.2,2.3,8100,4600,20918000,4560,"2023-03-15T13:10:00.000Z",1678885800000,4560,4540,4540,69.8,30.2,0,0.1,0.1,,0.4,3500,11600,3620200,,52698000,36808000,15890000,
87447.8,728700,3363062000,9850365000,6487303000,16382940000,399414000,243773717.4,-0.1,53758.7,415.2,0.5,4600,-5100,-23179000,4550,"2023-03-15T13:15:00.000Z",1678886100000,4550,4540,4550,32.2,67.8,0,0.1,0.2,,2.1,9700,14300,3634500,,64991000,20906000,44085000,
87447.8,778900,3591968000,10104296000,6512328000,16661896000,399414000,243773717.4,1.5,53758.7,415.2,10.1,55700,50200,228906000,4580,"2023-03-15T13:20:00.000Z",1678886400000,4580,4550,4550,91,9,0,0.6,0.1,,0.1,5500,61200,3695700,,278956000,253931000,25025000,
87447.8,1051000,4843566000,11491716000,6648150000,18185138000,399414000,243773717.4,8,53758.7,415.2,10.2,301700,272100,1251598000,4590,"2023-03-15T13:25:00.000Z",1678886700000,4620,4580,4580,91.1,8.9,0,3.5,0.6,,0.1,29600,331300,4027000,,1523242000,1387420000,135822000,
87447.8,1236100,5700459000,12962721000,7262262000,20284546000,399414000,243773717.4,5.5,53758.7,415.2,2.4,318500,185100,856893000,4620,"2023-03-15T13:30:00.000Z",1678887000000,4620,4590,4590,70,29.3,0.7,3.6,2.5,7.5,0.4,133400,455000,4482000,3100,2099408000,1471005000,614112000,14291000
87447.8,1221400,5636048000,13896215000,8260167000,22229805000,399414000,243773717.4,-0.4,53758.7,415.2,0.9,201700,-14700,-64411000,4610,"2023-03-15T13:35:00.000Z",1678887300000,4630,4600,4620,47.9,51.4,0.7,2.3,4,7.2,1.1,216400,421100,4903100,3000,1945259000,933494000,997905000,13860000
87447.8,1345200,6207445000,14523033000,8315588000,22912044000,399414000,243773717.4,3.7,53758.7,415.2,11.3,135800,123800,571397000,4620,"2023-03-15T13:40:00.000Z",1678887600000,4630,4600,4600,91.9,8.1,0,1.6,0.2,,0.1,12000,147800,5050900,,682239000,626818000,55421000,
87447.8,1332600,6150099000,14874938000,8724839000,23675040000,399414000,243773717.4,-0.4,53758.7,415.2,0.9,76300,-12600,-57346000,4620,"2023-03-15T13:45:00.000Z",1678887900000,4620,4600,4620,46.1,53.7,0.2,0.9,1.7,1,1.2,88900,165600,5216500,400,762996000,351905000,409251000,1840000
87447.8,1387000,6402288000,15524048000,9121760000,24721071000,399414000,243773717.4,1.6,53758.7,415.2,1.6,140500,54400,252189000,4610,"2023-03-15T13:50:00.000Z",1678888200000,4620,4610,4620,62,38,0,1.6,1.6,,0.6,86100,226600,5443100,,1046031000,649110000,396921000,
87447.8,1318800,6088828000,15591695000,9502867000,25169825000,399414000,243773717.4,-2,53758.7,415.2,0.2,14700,-68200,-313460000,4600,"2023-03-15T13:55:00.000Z",1678888500000,4620,4590,4620,15.1,84.9,0,0.2,1.5,,5.6,82900,97600,5540700,,448754000,67647000,381107000,
87447.8,1337700,6176341000,15875193000,9698852000,25649308000,399414000,243773717.4,0.6,53758.7,415.2,1.4,61500,18900,87513000,4610,"2023-03-15T14:00:00.000Z",1678888800000,4620,4600,4600,59.1,40.9,0,0.7,0.8,,0.7,42600,104100,5644800,,479483000,283498000,195985000,
87447.8,1467700,6779148000,17017923000,10238775000,27343973000,399414000,243773717.4,3.9,53758.7,415.2,2.1,246900,130000,602807000,4630,"2023-03-15T14:05:00.000Z",1678889100000,4630,4610,4620,67.4,31.9,0.7,2.8,2.2,6.3,0.5,116900,366400,6011200,2600,1694665000,1142730000,539923000,12012000
87447.8,1565600,7232614000,17872541000,10639927000,28599743000,399414000,243773717.4,2.9,53758.7,415.2,2.1,184600,97900,453466000,4620,"2023-03-15T14:10:00.000Z",1678889400000,4630,4620,4630,68,32,0,2.1,1.6,,0.5,86700,271300,6282500,,1255770000,854618000,401152000,
87447.8,1587000,7331699000,17973012000,10641313000,28701600000,399414000,243773717.4,0.6,53758.7,415.2,72.3,21700,21400,99085000,4630,"2023-03-15T14:15:00.000Z",1678889700000,4630,4620,4630,98.6,1.4,0,0.2,0,,0,300,22000,6304500,,101857000,100471000,1386000,
87447.8,1576600,7283937000,18233218000,10949281000,29269774000,399414000,243773717.4,-0.3,53758.7,415.2,0.8,56200,-10400,-47762000,4630,"2023-03-15T14:20:00.000Z",1678890000000,4630,4620,4630,45.8,54.2,0,0.6,1.2,,1.2,66600,122800,6427300,,568174000,260206000,307968000,
87447.8,1552100,7170565000,18373044000,11202479000,29662798000,399414000,243773717.4,-0.7,53758.7,415.2,0.6,30200,-24500,-113372000,4630,"2023-03-15T14:25:00.000Z",1678890300000,4630,4620,4620,35.6,64.4,0,0.3,1,,1.8,54700,84900,6512200,,393024000,139826000,253198000,
87447.8,1549700,7159453000,18373044000,11213591000,29673910000,399414000,243773717.4,-0.1,53758.7,415.2,0,,-2400,-11112000,4630,"2023-03-15T14:45:00.000Z",1678891500000,4630,4630,4630,0,100,0,,0,,Infinity,2400,2400,6514600,,11112000,,11112000,
