"abu","acum_busd","acum_busd_val","acum_val_bu","acum_val_sd","acum_val","avg_val_bu","avg_val_sd","rbusd","asd","auk","bs","bu","bu-sd","bu-sd_val","c","date","datetime","h","l","o","pbu","psd","puk","rbu","rsd","ruk","sb","sd","sum_vol","total_vol","uk","val","val_bu","val_sd","val_uk"
109187,368900,4750360000,7184880000,2434520000,9619400000,1402526847.8,1037002391.3,13,81143.5,12489.1,2.9,559400,368900,4750360000,12800,"2023-03-15T09:15:00.000Z",1678871700000,12850,12700,12850,74.6,25.4,0,5.1,2.3,,0.3,190500,749900,749900,,9619400000,7184880000,2434520000,
109187,216200,2800760000,7890615000,5089855000,12980470000,1402526847.8,1037002391.3,-5.3,81143.5,12489.1,0.3,55200,-152700,-1949600000,12700,"2023-03-15T09:20:00.000Z",1678872000000,12850,12700,12800,21,79,0,0.5,2.6,,3.8,207900,263100,1013000,,3361070000,705735000,2655335000,
109187,208400,2702115000,9041330000,6339215000,15380545000,1402526847.8,1037002391.3,-0.3,81143.5,12489.1,0.9,90200,-7800,-98645000,12750,"2023-03-15T09:25:00.000Z",1678872300000,12800,12700,12700,47.9,52.1,0,0.8,1.2,,1.1,98000,188200,1201200,,2400075000,1150715000,1249360000,
109187,304400,3927395000,10886255000,6958860000,17845115000,1402526847.8,1037002391.3,3.4,81143.5,12489.1,3,144600,96000,1225280000,12750,"2023-03-15T09:30:00.000Z",1678872600000,12800,12700,12750,74.8,25.2,0,1.3,0.6,,0.3,48600,193200,1394400,,2464570000,1844925000,619645000,
109187,324800,4187610000,11628305000,7440695000,19069000000,1402526847.8,1037002391.3,0.7,81143.5,12489.1,1.5,58200,20400,260215000,12750,"2023-03-15T09:35:00.000Z",1678872900000,12750,12700,12750,60.6,39.4,0,0.5,0.5,,0.6,37800,96000,1490400,,1223885000,742050000,481835000,
109187,277100,3582820000,11883305000,8300485000,20183790000,1402526847.8,1037002391.3,-1.7,81143.5,12489.1,0.3,20000,-47700,-604790000,12700,"2023-03-15T09:40:00.000Z",1678873200000,12750,12700,12750,22.8,77.2,0,0.2,0.8,,3.4,67700,87700,1578100,,1114790000,255000000,859790000,
109187,80100,1084225000,11888385000,10804160000,22692545000,1402526847.8,1037002391.3,-6.8,81143.5,12489.1,0,400,-197000,-2498595000,12650,"2023-03-15T09:45:00.000Z",1678873500000,12700,12650,12700,0.2,99.8,0,0,2.4,,493.5,197400,197800,1775900,,2508755000,5080000,2503675000,
109187,1100,89720000,13512615000,13422895000,26935510000,1402526847.8,1037002391.3,-2.7,81143.5,12489.1,0.6,128000,-79000,-994505000,12700,"2023-03-15T09:50:00.000Z",1678873800000,12700,12600,12650,38.2,61.8,0,1.2,2.6,,1.6,207000,335000,2110900,,4242965000,1624230000,2618735000,
109187,-16400,-132035000,13590085000,13722120000,27312205000,1402526847.8,1037002391.3,-0.6,81143.5,12489.1,0.3,6100,-17500,-221755000,12700,"2023-03-15T09:55:00.000Z",1678874100000,12700,12650,12700,20.5,79.5,0,0.1,0.3,,3.9,23600,29700,2140600,,376695000,77470000,299225000,
109187,44100,636395000,14430880000,13794485000,28225365000,1402526847.8,1037002391.3,2.1,81143.5,12489.1,11.6,66200,60500,768430000,12700,"2023-03-15T10:00:00.000Z",1678874400000,12750,12650,12650,92.1,7.9,0,0.6,0.1,,0.1,5700,71900,2212500,,913160000,840795000,72365000,
109187,28200,435590000,14717755000,14282165000,28999920000,1402526847.8,1037002391.3,-0.5,81143.5,12489.1,0.6,22500,-15900,-200805000,12750,"2023-03-15T10:05:00.000Z",1678874700000,12750,12700,12700,36.9,63.1,0,0.2,0.5,,1.7,38400,60900,2273400,,774555000,286875000,487680000,
109187,143500,1906445000,17059830000,15153385000,32213215000,1402526847.8,1037002391.3,4,81143.5,12489.1,2.7,183900,115300,1470855000,12750,"2023-03-15T10:10:00.000Z",1678875000000,12750,12700,12750,72.8,27.2,0,1.7,0.8,,0.4,68600,252500,2525900,,3213295000,2342075000,871220000,
109187,186300,2452145000,17687130000,15234985000,32922115000,1402526847.8,1037002391.3,1.5,81143.5,12489.1,7.7,49200,42800,545700000,12750,"2023-03-15T10:15:00.000Z",1678875300000,12750,12750,12750,88.5,11.5,0,0.5,0.1,,0.1,6400,55600,2581500,,708900000,627300000,81600000,
109187,223000,2920770000,18162130000,15241360000,33435365000,1402526847.8,1037002391.3,1.3,81143.5,12489.1,74.4,37200,36700,468625000,12800,"2023-03-15T10:20:00.000Z",1678875600000,12800,12750,12750,92.5,1.2,6.2,0.3,0,0.2,0,500,40200,2621700,2500,513250000,475000000,6375000,31875000
109187,460200,5971255000,22120170000,16148915000,38300960000,1402526847.8,1037002391.3,8.3,81143.5,12489.1,4.4,308000,237200,3050485000,12850,"2023-03-15T10:25:00.000Z",1678875900000,12900,12800,12800,81.3,18.7,0,2.8,0.9,,0.2,70800,378800,3000500,,4865595000,3958040000,907555000,
109187,591400,7663590000,24516200000,16852610000,41400685000,1402526847.8,1037002391.3,4.6,81143.5,12489.1,3.4,185800,131200,1692335000,12850,"2023-03-15T10:30:00.000Z",1678876200000,12950,12850,12850,77.3,22.7,0,1.7,0.7,,0.3,54600,240400,3240900,,3099725000,2396030000,703695000,
109187,693100,8975585000,25844900000,16869315000,42746090000,1402526847.8,1037002391.3,3.6,81143.5,12489.1,79.2,103000,101700,1311995000,12900,"2023-03-15T10:35:00.000Z",1678876500000,12900,12850,12850,98.8,1.2,0,0.9,0,,0,1300,104300,3345200,,1345405000,1328700000,16705000,
109187,536000,6959700000,26111010000,19151310000,45294195000,1402526847.8,1037002391.3,-5.5,81143.5,12489.1,0.1,20700,-157100,-2015885000,12800,"2023-03-15T10:40:00.000Z",1678876800000,12900,12800,12900,10.4,89.6,0,0.2,2.2,,8.6,177800,198500,3543700,,2548105000,266110000,2281995000,
109187,613600,7959740000,27536150000,19576410000,47144435000,1402526847.8,1037002391.3,2.7,81143.5,12489.1,3.4,110600,77600,1000040000,12900,"2023-03-15T10:45:00.000Z",1678877100000,12900,12800,12800,77,23,0,1,0.4,,0.3,33000,143600,3687300,,1850240000,1425140000,425100000,
109187,605000,7851370000,28437850000,20586480000,49056205000,1402526847.8,1037002391.3,-0.3,81143.5,12489.1,0.9,69700,-8600,-108370000,12950,"2023-03-15T10:50:00.000Z",1678877400000,12950,12900,12900,47.1,52.9,0,0.6,1,,1.1,78300,148000,3835300,,1911770000,901700000,1010070000,
109187,1079000,14010965000,35415305000,21404340000,56851520000,1402526847.8,1037002391.3,16.9,81143.5,12489.1,8.5,537000,474000,6159595000,13050,"2023-03-15T10:55:00.000Z",1678877700000,13050,12900,12950,89.5,10.5,0,4.9,0.8,,0.1,63000,600000,4435300,,7795315000,6977455000,817860000,
109187,1028500,13357255000,36169410000,22812155000,59013440000,1402526847.8,1037002391.3,-1.8,81143.5,12489.1,0.5,58000,-50500,-653710000,12950,"2023-03-15T11:00:00.000Z",1678878000000,13050,12900,13000,34.8,65.2,0,0.5,1.3,,1.9,108500,166500,4601800,,2161920000,754105000,1407815000,
109187,1002000,13015480000,36779605000,23764125000,60575605000,1402526847.8,1037002391.3,-0.9,81143.5,12489.1,0.6,47300,-26500,-341775000,12900,"2023-03-15T11:05:00.000Z",1678878300000,12950,12850,12900,39.1,60.9,0,0.4,0.9,,1.6,73800,121100,4722900,,1562165000,610195000,951970000,
109187,825000,10748180000,36805405000,26057225000,62894505000,1402526847.8,1037002391.3,-6.2,81143.5,12489.1,0,2000,-177000,-2267300000,12750,"2023-03-15T11:10:00.000Z",1678878600000,12900,12750,12900,1.1,98.9,0,0,2.2,,89.5,179000,181000,4903900,,2318900000,25800000,2293100000,
109187,870200,11332420000,37587520000,26255100000,63874495000,1402526847.8,1037002391.3,1.6,81143.5,12489.1,3.9,60600,45200,584240000,12850,"2023-03-15T11:15:00.000Z",1678878900000,12950,12800,12950,79.7,20.3,0,0.6,0.2,,0.3,15400,76000,4979900,,979990000,782115000,197875000,
109187,862500,11233490000,37867665000,26634175000,64533715000,1402526847.8,1037002391.3,-0.3,81143.5,12489.1,0.7,21800,-7700,-98930000,12850,"2023-03-15T11:20:00.000Z",1678879200000,12900,12850,12850,42.5,57.5,0,0.2,0.4,,1.4,29500,51300,5031200,,659220000,280145000,379075000,
109187,869500,11324100000,38127235000,26803135000,64962245000,1402526847.8,1037002391.3,0.2,81143.5,12489.1,1.5,20200,7000,90610000,12850,"2023-03-15T11:25:00.000Z",1678879500000,12850,12800,12850,60.5,39.5,0,0.2,0.2,,0.7,13200,33400,5064600,,428530000,259570000,168960000,
109187,1092700,14191620000,41838565000,27646945000,69697285000,1402526847.8,1037002391.3,7.8,81143.5,12489.1,4.4,289100,223200,2867520000,12800,"2023-03-15T13:00:00.000Z",1678885200000,12950,12750,12900,78.3,17.9,3.8,2.6,0.8,1.1,0.2,65900,369000,5433600,14000,4735040000,3711330000,843810000,179900000
109187,1074200,13956055000,42155960000,28199905000,70567640000,1402526847.8,1037002391.3,-0.6,81143.5,12489.1,0.6,24700,-18500,-235565000,12800,"2023-03-15T13:05:00.000Z",1678885500000,12850,12800,12800,36.4,63.6,0,0.2,0.5,,1.7,43200,67900,5501500,,870355000,317395000,552960000,
109187,1087400,14125245000,43359235000,29233990000,72805000000,1402526847.8,1037002391.3,0.5,81143.5,12489.1,1.2,94000,13200,169190000,12800,"2023-03-15T13:10:00.000Z",1678885800000,12850,12750,12800,53.8,46.2,0,0.9,1,,0.9,80800,174800,5676300,,2237360000,1203275000,1034085000,
109187,1115800,14488830000,43854625000,29365795000,73432195000,1402526847.8,1037002391.3,1,81143.5,12489.1,3.8,38700,28400,363585000,12750,"2023-03-15T13:15:00.000Z",1678886100000,12850,12750,12800,79,21,0,0.4,0.1,,0.3,10300,49000,5725300,,627195000,495390000,131805000,
109187,1133800,14719400000,44128545000,29409145000,73749465000,1402526847.8,1037002391.3,0.6,81143.5,12489.1,6.3,21400,18000,230570000,12800,"2023-03-15T13:20:00.000Z",1678886400000,12800,12750,12800,86.3,13.7,0,0.2,0,,0.2,3400,24800,5750100,,317270000,273920000,43350000,
109187,1317000,17065505000,46529660000,29464155000,76205590000,1402526847.8,1037002391.3,6.4,81143.5,12489.1,43.6,187500,183200,2346105000,12850,"2023-03-15T13:25:00.000Z",1678886700000,12850,12750,12800,97.8,2.2,0,1.7,0.1,,0,4300,191800,5941900,,2456125000,2401115000,55010000,
109187,1516400,19628220000,49616560000,29988340000,79816675000,1402526847.8,1037002391.3,7,81143.5,12489.1,5.9,240200,199400,2562715000,12900,"2023-03-15T13:30:00.000Z",1678887000000,12900,12800,12850,85.5,14.5,0,2.2,0.5,,0.2,40800,281000,6222900,,3611085000,3086900000,524185000,
109187,1599800,20704865000,50894950000,30190085000,81296810000,1402526847.8,1037002391.3,2.9,81143.5,12489.1,6.3,99100,83400,1076645000,12900,"2023-03-15T13:35:00.000Z",1678887300000,12900,12850,12850,86.3,13.7,0,0.9,0.2,,0.2,15700,114800,6337700,,1480135000,1278390000,201745000,
109187,1847500,23900505000,54567580000,30667075000,85446430000,1402526847.8,1037002391.3,8.7,81143.5,12489.1,7.7,284700,247700,3195640000,12900,"2023-03-15T13:40:00.000Z",1678887600000,12900,12850,12900,88.5,11.5,0,2.6,0.5,,0.1,37000,321700,6659400,,4149620000,3672630000,476990000,
109187,1773400,22949695000,55633890000,32684195000,88529860000,1402526847.8,1037002391.3,-2.6,81143.5,12489.1,0.5,82500,-74100,-950810000,12900,"2023-03-15T13:45:00.000Z",1678887900000,12950,12850,12900,34.5,65.5,0,0.8,1.9,,1.9,156600,239100,6898500,,3083430000,1066310000,2017120000,
109187,1771100,22920695000,56592705000,33672010000,90476490000,1402526847.8,1037002391.3,-0.1,81143.5,12489.1,1,74600,-2300,-29000000,12850,"2023-03-15T13:50:00.000Z",1678888200000,12900,12800,12850,49.2,50.8,0,0.7,0.9,,1,76900,151500,7050000,,1946630000,958815000,987815000,
109187,1774500,22965150000,56833000000,33867850000,90912625000,1402526847.8,1037002391.3,0.1,81143.5,12489.1,1.2,18700,3400,44455000,12850,"2023-03-15T13:55:00.000Z",1678888500000,12850,12800,12850,55,45,0,0.2,0.2,,0.8,15300,34000,7084000,,436135000,240295000,195840000,
109187,1390200,18055605000,56920120000,38864515000,95996410000,1402526847.8,1037002391.3,-13.4,81143.5,12489.1,0,6800,-384300,-4909545000,12750,"2023-03-15T14:00:00.000Z",1678888800000,12850,12750,12850,1.7,98.3,0,0.1,4.8,,57.5,391100,397900,7481900,,5083785000,87120000,4996665000,
109187,1292800,16813770000,56923960000,40110190000,97245925000,1402526847.8,1037002391.3,-3.4,81143.5,12489.1,0,300,-97400,-1241835000,12750,"2023-03-15T14:05:00.000Z",1678889100000,12800,12750,12750,0.3,99.7,0,0,1.2,,325.7,97700,98000,7579900,,1249515000,3840000,1245675000,
109187,1104500,14429080000,58643125000,44214045000,103068945000,1402526847.8,1037002391.3,-6.5,81143.5,12489.1,0.4,135400,-188300,-2384690000,12700,"2023-03-15T14:10:00.000Z",1678889400000,12750,12650,12700,29.5,70.5,0,1.2,4,,2.4,323700,459100,8039000,,5823020000,1719165000,4103855000,
109187,1017600,13326790000,58984825000,45658035000,104854635000,1402526847.8,1037002391.3,-3,81143.5,12489.1,0.2,26800,-86900,-1102290000,12700,"2023-03-15T14:15:00.000Z",1678889700000,12750,12700,12750,19.1,80.9,0,0.2,1.4,,4.2,113700,140500,8179500,,1785690000,341700000,1443990000,
109187,1116100,14584135000,60520350000,45936215000,106668340000,1402526847.8,1037002391.3,3.4,81143.5,12489.1,5.5,120400,98500,1257345000,12800,"2023-03-15T14:20:00.000Z",1678890000000,12800,12700,12700,84.6,15.4,0,1.1,0.3,,0.2,21900,142300,8321800,,1813705000,1535525000,278180000,
109187,1290000,16814125000,64516235000,47702110000,112430120000,1402526847.8,1037002391.3,6.1,81143.5,12489.1,2.3,311900,173900,2229990000,12800,"2023-03-15T14:25:00.000Z",1678890300000,12850,12750,12800,69.3,30.7,0,2.9,1.7,,0.4,138000,449900,8771700,,5761780000,3995885000,1765895000,
109187,1290000,16814125000,64516235000,47702110000,119600420000,1402526847.8,1037002391.3,0,81143.5,12489.1,NaN,,0,0,12850,"2023-03-15T14:45:00.000Z",1678891500000,12850,12850,12850,0,0,100,,,44.7,NaN,,558000,9329700,558000,7170300000,,,7170300000
