"abu","acum_busd","acum_busd_val","acum_val_bu","acum_val_sd","acum_val","avg_val_bu","avg_val_sd","rbusd","asd","auk","bs","bu","bu-sd","bu-sd_val","c","date","datetime","h","l","o","pbu","psd","puk","rbu","rsd","ruk","sb","sd","sum_vol","total_vol","uk","val","val_bu","val_sd","val_uk"
22552.2,-58900,-242366000,109088000,351454000,460542000,94643630.4,76418500,-13.3,18302.2,663,0.3,26200,-58900,-242366000,4170,"2023-03-15T09:15:00.000Z",1678871700000,4170,4120,4120,23.5,76.5,0,1.2,4.6,,3.2,85100,111300,111300,,460542000,109088000,351454000,
22552.2,-72100,-297312000,138716000,436028000,574744000,94643630.4,76418500,-3,18302.2,663,0.3,7100,-13200,-54946000,4160,"2023-03-15T09:20:00.000Z",1678872000000,4180,4160,4170,25.9,74.1,0,0.3,1.1,,2.9,20300,27400,138700,,114202000,29628000,84574000,
22552.2,-88500,-365470000,188227000,553697000,741924000,94643630.4,76418500,-3.7,18302.2,663,0.4,11900,-16400,-68158000,4160,"2023-03-15T09:25:00.000Z",1678872300000,4170,4150,4160,29.6,70.4,0,0.5,1.5,,2.4,28300,40200,178900,,167180000,49511000,117669000,
22552.2,-103600,-428126000,240179000,668305000,908484000,94643630.4,76418500,-3.4,18302.2,663,0.5,12500,-15100,-62656000,4120,"2023-03-15T09:30:00.000Z",1678872600000,4160,4120,4150,31.2,68.8,0,0.6,1.5,,2.2,27600,40100,219000,,166560000,51952000,114608000,
22552.2,-189000,-778873000,243887000,1022760000,1266647000,94643630.4,76418500,-19.2,18302.2,663,0,900,-85400,-350747000,4110,"2023-03-15T09:35:00.000Z",1678872900000,4120,4100,4120,1,99,0,0,4.7,,95.9,86300,87200,306200,,358163000,3708000,354455000,
22552.2,-216200,-890641000,254597000,1145238000,1399835000,94643630.4,76418500,-6.1,18302.2,663,0.1,2600,-27200,-111768000,4110,"2023-03-15T09:40:00.000Z",1678873200000,4120,4110,4110,8,92,0,0.1,1.6,,11.5,29800,32400,338600,,133188000,10710000,122478000,
22552.2,-206600,-851174000,308446000,1159620000,1472998000,94643630.4,76418500,2.2,18302.2,663,3.7,13100,9600,39467000,4110,"2023-03-15T09:45:00.000Z",1678873500000,4120,4100,4120,73.6,19.7,6.7,0.6,0.2,1.8,0.3,3500,17800,356400,1200,73163000,53849000,14382000,4932000
22552.2,-227000,-934865000,315036000,1249901000,1575212000,94643630.4,76418500,-4.6,18302.2,663,0.1,1600,-20400,-83691000,4100,"2023-03-15T09:50:00.000Z",1678873800000,4120,4100,4110,6.4,88.4,5.2,0.1,1.2,2,13.8,22000,24900,381300,1300,102214000,6590000,90281000,5343000
22552.2,-231600,-953728000,315858000,1269586000,1595719000,94643630.4,76418500,-1,18302.2,663,0,200,-4600,-18863000,4100,"2023-03-15T09:55:00.000Z",1678874100000,4110,4100,4110,4,96,0,0,0.3,,24,4800,5000,386300,,20507000,822000,19685000,
22552.2,-242100,-996753000,334743000,1331496000,1676514000,94643630.4,76418500,-2.4,18302.2,663,0.3,4600,-10500,-43025000,4100,"2023-03-15T10:00:00.000Z",1678874400000,4110,4100,4110,23.4,76.6,0,0.2,0.8,,3.3,15100,19700,406000,,80795000,18885000,61910000,
22552.2,-198300,-816974000,515348000,1332322000,1857945000,94643630.4,76418500,9.9,18302.2,663,220,44000,43800,179779000,4130,"2023-03-15T10:05:00.000Z",1678874700000,4130,4100,4100,99.5,0.5,0,2,0,,0,200,44200,450200,,181431000,180605000,826000,
22552.2,-121600,-497882000,945471000,1443353000,2399099000,94643630.4,76418500,17.5,18302.2,663,3.9,103400,76700,319092000,4180,"2023-03-15T10:10:00.000Z",1678875000000,4180,4130,4130,79.5,20.5,0,4.6,1.5,,0.3,26700,130100,580300,,541154000,430123000,111031000,
22552.2,-140400,-576218000,949633000,1525851000,2485759000,94643630.4,76418500,-4.3,18302.2,663,0.1,1000,-18800,-78336000,4160,"2023-03-15T10:15:00.000Z",1678875300000,4180,4160,4170,4.8,95.2,0,0,1.1,,19.8,19800,20800,601100,,86660000,4162000,82498000,
22552.2,-144200,-591856000,1015363000,1607219000,2632857000,94643630.4,76418500,-0.9,18302.2,663,0.8,15800,-3800,-15638000,4160,"2023-03-15T10:20:00.000Z",1678875600000,4170,4150,4160,44.6,55.4,0,0.7,1.1,,1.2,19600,35400,636500,,147098000,65730000,81368000,
22552.2,-124100,-507994000,1135454000,1643448000,2789177000,94643630.4,76418500,4.6,18302.2,663,3.3,28800,20100,83862000,4170,"2023-03-15T10:25:00.000Z",1678875900000,4170,4160,4160,76.8,23.2,0,1.3,0.5,,0.3,8700,37500,674000,,156320000,120091000,36229000,
22552.2,-96800,-394035000,1254000000,1648035000,2913144000,94643630.4,76418500,6.3,18302.2,663,25.8,28400,27300,113959000,4180,"2023-03-15T10:30:00.000Z",1678876200000,4180,4170,4170,95.6,3.7,0.7,1.3,0.1,0.3,0,1100,29700,703700,200,123967000,118546000,4587000,834000
22552.2,-54800,-218435000,1504800000,1723235000,3239144000,94643630.4,76418500,9.6,18302.2,663,3.3,60000,42000,175600000,4180,"2023-03-15T10:35:00.000Z",1678876500000,4180,4170,4180,76.9,23.1,0,2.7,1,,0.3,18000,78000,781700,,326000000,250800000,75200000,
22552.2,-47500,-187536000,1698358000,1885894000,3595361000,94643630.4,76418500,1.7,18302.2,663,1.2,46200,7300,30899000,4180,"2023-03-15T10:40:00.000Z",1678876800000,4190,4170,4190,54.3,45.7,0,2,2.1,,0.8,38900,85100,866800,,356217000,193558000,162659000,
22552.2,65400,286360000,2183527000,1897167000,4091803000,94643630.4,76418500,26,18302.2,663,42.8,115600,112900,473896000,4220,"2023-03-15T10:45:00.000Z",1678877100000,4220,4170,4170,97.7,2.3,0,5.1,0.1,,0,2700,118300,985100,,496442000,485169000,11273000,
22552.2,68900,301194000,2254845000,1953651000,4219605000,94643630.4,76418500,0.8,18302.2,663,1.3,16900,3500,14834000,4220,"2023-03-15T10:50:00.000Z",1678877400000,4220,4210,4210,55.8,44.2,0,0.7,0.7,,0.8,13400,30300,1015400,,127802000,71318000,56484000,
22552.2,94800,410217000,2471002000,2060785000,4542896000,94643630.4,76418500,6,18302.2,663,2,51300,25900,109023000,4210,"2023-03-15T10:55:00.000Z",1678877700000,4240,4200,4230,66.9,33.1,0,2.3,1.4,,0.5,25400,76700,1092100,,323291000,216157000,107134000,
22552.2,103000,444800000,2526122000,2081322000,4618553000,94643630.4,76418500,1.9,18302.2,663,2.7,13100,8200,34583000,4190,"2023-03-15T11:00:00.000Z",1678878000000,4210,4190,4210,72.8,27.2,0,0.6,0.3,,0.4,4900,18000,1110100,,75657000,55120000,20537000,
22552.2,101400,438005000,2578796000,2140791000,4730696000,94643630.4,76418500,-0.4,18302.2,663,0.9,12600,-1600,-6795000,4190,"2023-03-15T11:05:00.000Z",1678878300000,4200,4180,4200,47,53,0,0.6,0.8,,1.1,14200,26800,1136900,,112143000,52674000,59469000,
22552.2,132400,568154000,2711040000,2142886000,4865035000,94643630.4,76418500,7.1,18302.2,663,63,31500,31000,130149000,4210,"2023-03-15T11:10:00.000Z",1678878600000,4210,4190,4190,98.4,1.6,0,1.4,0,,0,500,32000,1168900,,134339000,132244000,2095000,
22552.2,112300,483750000,2717776000,2234026000,4962911000,94643630.4,76418500,-4.6,18302.2,663,0.1,1600,-20100,-84404000,4200,"2023-03-15T11:15:00.000Z",1678878900000,4210,4200,4210,6.9,93.1,0,0.1,1.2,,13.6,21700,23300,1192200,,97876000,6736000,91140000,
22552.2,131200,563201000,2805207000,2242006000,5058322000,94643630.4,76418500,4.4,18302.2,663,10.9,20800,18900,79451000,4210,"2023-03-15T11:20:00.000Z",1678879200000,4210,4200,4200,91.6,8.4,0,0.9,0.1,,0.1,1900,22700,1214900,,95411000,87431000,7980000,
22552.2,123600,531347000,2834663000,2303316000,5149088000,94643630.4,76418500,-1.7,18302.2,663,0.5,7000,-7600,-31854000,4200,"2023-03-15T11:25:00.000Z",1678879500000,4210,4190,4210,32.4,67.6,0,0.3,0.8,,2.1,14600,21600,1236500,,90766000,29456000,61310000,
22552.2,133200,572006000,2977278000,2405272000,5399974000,94643630.4,76418500,2.2,18302.2,663,1.4,33800,9600,40659000,4230,"2023-03-15T13:00:00.000Z",1678885200000,4230,4200,4200,56.8,40.7,2.5,1.5,1.3,2.3,0.7,24200,59500,1296000,1500,250886000,142615000,101956000,6315000
22552.2,132900,570740000,2993314000,2422574000,5433312000,94643630.4,76418500,-0.1,18302.2,663,0.9,3800,-300,-1266000,4220,"2023-03-15T13:05:00.000Z",1678885500000,4220,4220,4220,48.1,51.9,0,0.2,0.2,,1.1,4100,7900,1303900,,33338000,16036000,17302000,
22552.2,143900,616955000,3097077000,2480122000,5594623000,94643630.4,76418500,2.5,18302.2,663,1.8,24700,11000,46215000,4210,"2023-03-15T13:10:00.000Z",1678885800000,4210,4200,4210,64.3,35.7,0,1.1,0.7,,0.6,13700,38400,1342300,,161311000,103763000,57548000,
22552.2,138500,594371000,3147276000,2552905000,5717605000,94643630.4,76418500,-1.2,18302.2,663,0.7,11900,-5400,-22584000,4210,"2023-03-15T13:15:00.000Z",1678886100000,4220,4200,4210,40.8,59.2,0,0.5,0.9,,1.5,17300,29200,1371500,,122982000,50199000,72783000,
22552.2,143000,613337000,3175062000,2561725000,5754211000,94643630.4,76418500,1,18302.2,663,3.1,6600,4500,18966000,4210,"2023-03-15T13:20:00.000Z",1678886400000,4210,4200,4200,75.9,24.1,0,0.3,0.1,,0.3,2100,8700,1380200,,36606000,27786000,8820000,
22552.2,159100,681461000,3287024000,2605563000,5910011000,94643630.4,76418500,3.7,18302.2,663,2.5,26500,16100,68124000,4230,"2023-03-15T13:25:00.000Z",1678886700000,4230,4210,4210,71.8,28.2,0,1.2,0.6,,0.4,10400,36900,1417100,,155800000,111962000,43838000,
22552.2,180200,771354000,3618533000,2847179000,6531472000,94643630.4,76418500,4.9,18302.2,663,1.4,78200,21100,89893000,4220,"2023-03-15T13:30:00.000Z",1678887000000,4250,4220,4230,53.3,38.9,7.8,3.5,3.1,17.2,0.7,57100,146700,1563800,11400,621461000,331509000,241616000,48336000
22552.2,208100,889850000,3784888000,2895038000,6745686000,94643630.4,76418500,6.5,18302.2,663,3.5,39200,27900,118496000,4250,"2023-03-15T13:35:00.000Z",1678887300000,4250,4230,4230,77.6,22.4,0,1.7,0.6,,0.3,11300,50500,1614300,,214214000,166355000,47859000,
22552.2,234700,1002997000,3963815000,2960818000,6990393000,94643630.4,76418500,6.2,18302.2,663,2.7,42100,26600,113147000,4260,"2023-03-15T13:40:00.000Z",1678887600000,4260,4240,4250,73.1,26.9,0,1.9,0.8,,0.4,15500,57600,1671900,,244707000,178927000,65780000,
22552.2,253200,1081891000,4076352000,2994461000,7136573000,94643630.4,76418500,4.3,18302.2,663,3.3,26400,18500,78894000,4250,"2023-03-15T13:45:00.000Z",1678887900000,4270,4250,4260,77,23,0,1.2,0.4,,0.3,7900,34300,1706200,,146180000,112537000,33643000,
22552.2,263100,1124132000,4123268000,2999136000,7188164000,94643630.4,76418500,2.3,18302.2,663,10,11000,9900,42241000,4250,"2023-03-15T13:50:00.000Z",1678888200000,4270,4250,4260,90.9,9.1,0,0.5,0.1,,0.1,1100,12100,1718300,,51591000,46916000,4675000,
22552.2,226900,970546000,4165868000,3195322000,7426950000,94643630.4,76418500,-8.4,18302.2,663,0.2,10000,-36200,-153586000,4240,"2023-03-15T13:55:00.000Z",1678888500000,4260,4240,4250,17.8,82.2,0,0.4,2.5,,4.6,46200,56200,1774500,,238786000,42600000,196186000,
22552.2,219000,937163000,4172650000,3235487000,7473897000,94643630.4,76418500,-1.8,18302.2,663,0.2,1600,-7900,-33383000,4220,"2023-03-15T14:00:00.000Z",1678888800000,4240,4220,4240,14.4,85.6,0,0.1,0.5,,5.9,9500,11100,1785600,,46947000,6782000,40165000,
22552.2,205000,878116000,4176870000,3298754000,7541384000,94643630.4,76418500,-3.2,18302.2,663,0.1,1000,-14000,-59047000,4210,"2023-03-15T14:05:00.000Z",1678889100000,4220,4210,4220,6.3,93.8,0,0,0.8,,15,15000,16000,1801600,,67487000,4220000,63267000,
22552.2,200400,858755000,4211395000,3352640000,7629795000,94643630.4,76418500,-1.1,18302.2,663,0.6,8200,-4600,-19361000,4210,"2023-03-15T14:10:00.000Z",1678889400000,4220,4200,4210,39,61,0,0.4,0.7,,1.6,12800,21000,1822600,,88411000,34525000,53886000,
22552.2,193000,827605000,4213083000,3385478000,7664321000,94643630.4,76418500,-1.7,18302.2,663,0.1,400,-7400,-31150000,4210,"2023-03-15T14:15:00.000Z",1678889700000,4220,4210,4210,4.9,95.1,0,0,0.4,,19.5,7800,8200,1830800,,34526000,1688000,32838000,
22552.2,176300,757320000,4223209000,3465889000,7754858000,94643630.4,76418500,-3.9,18302.2,663,0.1,2400,-16700,-70285000,4220,"2023-03-15T14:20:00.000Z",1678890000000,4220,4210,4210,11.2,88.8,0,0.1,1,,8,19100,21500,1852300,,90537000,10126000,80411000,
22552.2,195500,838356000,4353607000,3515251000,7934618000,94643630.4,76418500,4.4,18302.2,663,2.6,30900,19200,81036000,4220,"2023-03-15T14:25:00.000Z",1678890300000,4220,4210,4220,72.5,27.5,0,1.4,0.6,,0.4,11700,42600,1894900,,179760000,130398000,49362000,
22552.2,195500,838356000,4353607000,3515251000,7997496000,94643630.4,76418500,0,18302.2,663,NaN,,0,0,4220,"2023-03-15T14:45:00.000Z",1678891500000,4220,4220,4220,0,0,100,,,22.5,NaN,,14900,1909800,14900,62878000,,,62878000
