"abu","acum_busd","acum_busd_val","acum_val_bu","acum_val_sd","acum_val","avg_val_bu","avg_val_sd","rbusd","asd","auk","bs","bu","bu-sd","bu-sd_val","c","date","datetime","h","l","o","pbu","psd","puk","rbu","rsd","ruk","sb","sd","sum_vol","total_vol","uk","val","val_bu","val_sd","val_uk"
200478.7,210500,5298570000,16427255000,11128685000,47425100000,5071896489.4,4966373404.3,50.2,196748.9,30383,1.5,653400,210500,5298570000,25200,"2023-03-15T09:15:00.000Z",1678871700000,25250,25050,25100,34.6,23.5,41.9,3.3,2.3,26.1,0.7,442900,1887900,1887900,791600,47425100000,16427255000,11128685000,19869160000
200478.7,185000,4668200000,25466750000,20798550000,66134460000,5071896489.4,4966373404.3,-6,196748.9,30383,0.9,359000,-25500,-630370000,25150,"2023-03-15T09:20:00.000Z",1678872000000,25200,25100,25150,48.3,51.7,0,1.8,2,,1.1,384500,743500,2631400,,18709360000,9039495000,9669865000,
200478.7,127700,3233205000,27093955000,23860750000,70823865000,5071896489.4,4966373404.3,-13.6,196748.9,30383,0.5,64700,-57300,-1434995000,25150,"2023-03-15T09:25:00.000Z",1678872300000,25150,25100,25150,34.7,65.3,0,0.3,0.6,,1.9,122000,186700,2818100,,4689405000,1627205000,3062200000,
200478.7,-734800,-18354335000,30663290000,49017625000,99550075000,5071896489.4,4966373404.3,-204.6,196748.9,30383,0.1,142100,-862500,-21587540000,25000,"2023-03-15T09:30:00.000Z",1678872600000,25150,25000,25100,12.4,87.6,0,0.7,5.1,,7.1,1004600,1146700,3964800,,28726210000,3569335000,25156875000,
200478.7,-797200,-19902660000,35035605000,54938265000,109843030000,5071896489.4,4966373404.3,-14.7,196748.9,30383,0.7,174800,-62400,-1548325000,25050,"2023-03-15T09:35:00.000Z",1678872900000,25050,24900,24950,42.4,57.6,0,0.9,1.2,,1.4,237200,412000,4376800,,10292955000,4372315000,5920640000,
200478.7,-787700,-19664295000,36483880000,56148175000,112501215000,5071896489.4,4966373404.3,2.3,196748.9,30383,1.2,57800,9500,238365000,25050,"2023-03-15T09:40:00.000Z",1678873200000,25100,25000,25050,54.5,45.5,0,0.3,0.2,,0.8,48300,106100,4482900,,2658185000,1448275000,1209910000,
200478.7,-930500,-23238360000,36749900000,59988260000,116607320000,5071896489.4,4966373404.3,-33.9,196748.9,30383,0.1,10600,-142800,-3574065000,25000,"2023-03-15T09:45:00.000Z",1678873500000,25100,25000,25050,6.5,93.5,0,0.1,0.8,,14.5,153400,164000,4646900,,4106105000,266020000,3840085000,
200478.7,-1110300,-27733360000,36887400000,64620760000,121377320000,5071896489.4,4966373404.3,-42.6,196748.9,30383,0,5500,-179800,-4495000000,25000,"2023-03-15T09:50:00.000Z",1678873800000,25000,25000,25000,2.9,97.1,0,0,0.9,,33.7,185300,190800,4837700,,4770000000,137500000,4632500000,
200478.7,-1087200,-27155790000,37499900000,64655690000,122024750000,5071896489.4,4966373404.3,5.5,196748.9,30383,17.5,24500,23100,577570000,24950,"2023-03-15T09:55:00.000Z",1678874100000,25000,24950,25000,94.6,5.4,0,0.1,0,,0.1,1400,25900,4863600,,647430000,612500000,34930000,
200478.7,-1051900,-26272970000,38542400000,64815370000,123226930000,5071896489.4,4966373404.3,8.4,196748.9,30383,6.5,41700,35300,882820000,24950,"2023-03-15T10:00:00.000Z",1678874400000,25000,24950,25000,86.7,13.3,0,0.2,0,,0.2,6400,48100,4911700,,1202180000,1042500000,159680000,
200478.7,-849200,-21199740000,43743140000,64942880000,128555180000,5071896489.4,4966373404.3,48.1,196748.9,30383,40.7,207800,202700,5073230000,25100,"2023-03-15T10:05:00.000Z",1678874700000,25100,24950,25000,97.6,2.4,0,1,0,,0,5100,212900,5124600,,5328250000,5200740000,127510000,
200478.7,-820800,-20485995000,44910290000,65396285000,130175735000,5071896489.4,4966373404.3,6.8,196748.9,30383,2.6,46500,28400,713745000,25100,"2023-03-15T10:10:00.000Z",1678875000000,25100,25050,25100,72,28,0,0.2,0.1,,0.4,18100,64600,5189200,,1620555000,1167150000,453405000,
200478.7,-892100,-22271350000,45266710000,67538060000,132673930000,5071896489.4,4966373404.3,-16.9,196748.9,30383,0.2,14200,-71300,-1785355000,25050,"2023-03-15T10:15:00.000Z",1678875300000,25100,25050,25100,14.2,85.8,0,0.1,0.4,,6,85500,99700,5288900,,2498195000,356420000,2141775000,
200478.7,-797000,-19882835000,49084240000,68967075000,137920475000,5071896489.4,4966373404.3,22.6,196748.9,30383,2.7,152100,95100,2388515000,25100,"2023-03-15T10:20:00.000Z",1678875600000,25150,25000,25050,72.7,27.3,0,0.8,0.3,,0.4,57000,209100,5498000,,5246545000,3817530000,1429015000,
200478.7,-457600,-11326565000,59455515000,70782080000,150106755000,5071896489.4,4966373404.3,81.1,196748.9,30383,5.7,411500,339400,8556270000,25300,"2023-03-15T10:25:00.000Z",1678875900000,25300,25100,25100,85.1,14.9,0,2.1,0.4,,0.2,72100,483600,5981600,,12186280000,10371275000,1815005000,
200478.7,-567000,-14078250000,65144230000,79222480000,164235870000,5071896489.4,4966373404.3,-26.1,196748.9,30383,0.7,224800,-109400,-2751685000,25150,"2023-03-15T10:30:00.000Z",1678876200000,25350,25150,25300,40.2,59.8,0,1.1,1.7,,1.5,334200,559000,6540600,,14129115000,5688715000,8440400000,
200478.7,-444700,-10990585000,69103760000,80094345000,169067265000,5071896489.4,4966373404.3,29.3,196748.9,30383,4.5,156900,122300,3087665000,25250,"2023-03-15T10:35:00.000Z",1678876500000,25250,25100,25150,81.9,18.1,0,0.8,0.2,,0.2,34600,191500,6732100,,4831395000,3959530000,871865000,
200478.7,-578500,-14357620000,70546755000,84904375000,175320290000,5071896489.4,4966373404.3,-31.9,196748.9,30383,0.3,57200,-133800,-3367035000,25150,"2023-03-15T10:40:00.000Z",1678876800000,25250,25100,25250,23,77,0,0.3,1,,3.3,191000,248200,6980300,,6253025000,1442995000,4810030000,
200478.7,-461100,-11393380000,77883835000,89277215000,187030210000,5071896489.4,4966373404.3,28.1,196748.9,30383,1.7,291100,117400,2964240000,25250,"2023-03-15T10:45:00.000Z",1678877100000,25250,25100,25100,62.6,37.4,0,1.5,0.9,,0.6,173700,464800,7445100,,11709920000,7337080000,4372840000,
200478.7,963500,24712460000,123407985000,98695525000,241972670000,5071896489.4,4966373404.3,342.2,196748.9,30383,4.8,1797100,1424600,36105840000,25450,"2023-03-15T10:50:00.000Z",1678877400000,25450,25200,25250,82.8,17.2,0,9,1.9,,0.2,372500,2169600,9614700,,54942460000,45524150000,9418310000,
200478.7,1049100,26923585000,143458530000,116534945000,279862635000,5071896489.4,4966373404.3,21,196748.9,30383,1.1,787000,85600,2211125000,25400,"2023-03-15T10:55:00.000Z",1678877700000,25500,25350,25450,52.9,47.1,0,3.9,3.6,,0.9,701400,1488400,11103100,,37889965000,20050545000,17839420000,
200478.7,1013300,26018485000,144802620000,118784135000,283455915000,5071896489.4,4966373404.3,-8.6,196748.9,30383,0.6,52900,-35800,-905100000,25350,"2023-03-15T11:00:00.000Z",1678878000000,25450,25350,25400,37.4,62.6,0,0.3,0.5,,1.7,88700,141600,11244700,,3593280000,1344090000,2249190000,
200478.7,1032700,26512340000,147027175000,120514835000,287411170000,5071896489.4,4966373404.3,4.7,196748.9,30383,1.3,87700,19400,493855000,25350,"2023-03-15T11:05:00.000Z",1678878300000,25400,25300,25350,56.2,43.8,0,0.4,0.3,,0.8,68300,156000,11400700,,3955255000,2224555000,1730700000,
200478.7,941600,24198145000,151384475000,127186330000,298439965000,5071896489.4,4966373404.3,-21.9,196748.9,30383,0.7,171600,-91100,-2314195000,25400,"2023-03-15T11:10:00.000Z",1678878600000,25450,25300,25350,39.5,60.5,0,0.9,1.3,,1.5,262700,434300,11835000,,11028795000,4357300000,6671495000,
200478.7,833700,21465800000,153948180000,132482380000,306299720000,5071896489.4,4966373404.3,-25.9,196748.9,30383,0.5,100800,-107900,-2732345000,25400,"2023-03-15T11:15:00.000Z",1678878900000,25450,25350,25450,32.6,67.4,0,0.5,1.1,,2.1,208700,309500,12144500,,7859755000,2563705000,5296050000,
200478.7,937300,24108970000,159614190000,135505220000,314988570000,5071896489.4,4966373404.3,25,196748.9,30383,1.9,222600,103600,2643170000,25450,"2023-03-15T11:20:00.000Z",1678879200000,25500,25350,25400,65.2,34.8,0,1.1,0.6,,0.5,119000,341600,12486100,,8688850000,5666010000,3022840000,
200478.7,833100,21468270000,160257235000,138788965000,318915360000,5071896489.4,4966373404.3,-25,196748.9,30383,0.2,25300,-104200,-2640700000,25350,"2023-03-15T11:25:00.000Z",1678879500000,25500,25350,25450,16.3,83.7,0,0.1,0.7,,5.1,129500,154800,12640900,,3926790000,643045000,3283745000,
200478.7,917300,23605920000,163729430000,140123510000,323722100000,5071896489.4,4966373404.3,20.3,196748.9,30383,2.6,136900,84200,2137650000,25400,"2023-03-15T13:00:00.000Z",1678885200000,25400,25300,25350,72.2,27.8,0,0.7,0.3,,0.4,52700,189600,12830500,,4806740000,3472195000,1334545000,
200478.7,983900,25297790000,167051800000,141754010000,328674970000,5071896489.4,4966373404.3,16,196748.9,30383,2,130800,66600,1691870000,25350,"2023-03-15T13:05:00.000Z",1678885500000,25450,25350,25400,67.1,32.9,0,0.7,0.3,,0.5,64200,195000,13025500,,4952870000,3322370000,1630500000,
200478.7,553500,14403740000,167059405000,152655665000,339584230000,5071896489.4,4966373404.3,-103.2,196748.9,30383,0,300,-430400,-10894050000,25300,"2023-03-15T13:10:00.000Z",1678885800000,25350,25300,25350,0.1,99.9,0,0,2.2,,1435.7,430700,431000,13456500,,10909260000,7605000,10901655000,
200478.7,531400,13849690000,169374360000,155524670000,344768190000,5071896489.4,4966373404.3,-5.3,196748.9,30383,0.8,91500,-22100,-554050000,25300,"2023-03-15T13:15:00.000Z",1678886100000,25350,25250,25250,44.6,55.4,0,0.5,0.6,,1.2,113600,205100,13661600,,5183960000,2314955000,2869005000,
200478.7,413500,10879410000,172481055000,161601645000,353951860000,5071896489.4,4966373404.3,-28.1,196748.9,30383,0.5,123000,-117900,-2970280000,25300,"2023-03-15T13:20:00.000Z",1678886400000,25300,25200,25300,33.8,66.2,0,0.6,1.2,,2,240900,363900,14025500,,9183670000,3106695000,6076975000,
200478.7,308100,8214180000,174954810000,166740630000,361564600000,5071896489.4,4966373404.3,-25.3,196748.9,30383,0.5,97600,-105400,-2665230000,25300,"2023-03-15T13:25:00.000Z",1678886700000,25400,25300,25300,32.5,67.5,0,0.5,1,,2.1,203000,300600,14326100,,7612740000,2473755000,5138985000,
200478.7,378000,9986685000,177228255000,167241570000,364338985000,5071896489.4,4966373404.3,16.8,196748.9,30383,4.5,89700,69900,1772505000,25400,"2023-03-15T13:30:00.000Z",1678887000000,25400,25300,25300,81.9,18.1,0,0.4,0.1,,0.2,19800,109500,14435600,,2774385000,2273445000,500940000,
200478.7,427100,11233510000,179519500000,168285990000,367674650000,5071896489.4,4966373404.3,11.8,196748.9,30383,2.2,90300,49100,1246825000,25400,"2023-03-15T13:35:00.000Z",1678887300000,25400,25350,25400,68.7,31.3,0,0.5,0.2,,0.5,41200,131500,14567100,,3335665000,2291245000,1044420000,
200478.7,212400,5810740000,183870080000,178059340000,381801115000,5071896489.4,4966373404.3,-51.4,196748.9,30383,0.4,171300,-214700,-5422770000,25400,"2023-03-15T13:40:00.000Z",1678887600000,25400,25300,25400,30.7,69.3,0,0.9,2,0,2.3,386000,557400,15124500,100,14126465000,4350580000,9773350000,2535000
200478.7,-287700,-6853930000,190034330000,196888260000,406794285000,5071896489.4,4966373404.3,-120,196748.9,30383,0.3,242500,-500100,-12664670000,25300,"2023-03-15T13:45:00.000Z",1678887900000,25450,25300,25400,24.6,75.4,0,1.2,3.8,,3.1,742600,985100,16109600,,24993170000,6164250000,18828920000,
200478.7,-389400,-9424970000,192229805000,201654775000,413756275000,5071896489.4,4966373404.3,-24.4,196748.9,30383,0.5,86700,-101700,-2571040000,25300,"2023-03-15T13:50:00.000Z",1678888200000,25400,25250,25350,31.5,68.5,0,0.4,1,,2.2,188400,275100,16384700,,6961990000,2195475000,4766515000,
200478.7,-684400,-16871365000,195555620000,212426985000,427854300000,5071896489.4,4966373404.3,-70.6,196748.9,30383,0.3,131700,-295000,-7446395000,25200,"2023-03-15T13:55:00.000Z",1678888500000,25300,25200,25300,23.6,76.4,0,0.7,2.2,,3.2,426700,558400,16943100,,14098025000,3325815000,10772210000,
200478.7,-527500,-12904100000,200873575000,213777675000,434522945000,5071896489.4,4966373404.3,37.6,196748.9,30383,3.9,210400,156900,3967265000,25300,"2023-03-15T14:00:00.000Z",1678888800000,25300,25200,25250,79.7,20.3,0,1,0.3,,0.3,53500,263900,17207000,,6668645000,5317955000,1350690000,
200478.7,-412000,-9975495000,205155725000,215131220000,440158640000,5071896489.4,4966373404.3,27.8,196748.9,30383,3.2,169000,115500,2928605000,25300,"2023-03-15T14:05:00.000Z",1678889100000,25350,25250,25300,76,24,0,0.8,0.3,,0.3,53500,222500,17429500,,5635695000,4282150000,1353545000,
200478.7,-360100,-8656440000,212735390000,221391830000,453998915000,5071896489.4,4966373404.3,12.5,196748.9,30383,1.2,299400,51900,1319055000,25300,"2023-03-15T14:10:00.000Z",1678889400000,25350,25250,25300,54.7,45.3,0,1.5,1.3,,0.8,247500,546900,17976400,,13840275000,7579665000,6260610000,
200478.7,183600,5142680000,226643405000,221500725000,468015825000,5071896489.4,4966373404.3,130.8,196748.9,30383,127.4,548000,543700,13799120000,25350,"2023-03-15T14:15:00.000Z",1678889700000,25400,25300,25350,99.2,0.8,0,2.7,0,,0,4300,552300,18528700,,14016910000,13908015000,108895000,
200478.7,505000,13307730000,235563885000,222256155000,477691735000,5071896489.4,4966373404.3,77.4,196748.9,30383,11.8,351200,321400,8165050000,25400,"2023-03-15T14:20:00.000Z",1678890000000,25400,25350,25400,92.2,7.8,0,1.8,0.2,,0.1,29800,381000,18909700,,9675910000,8920480000,755430000,
200478.7,173500,4913865000,238333415000,233419550000,491624660000,5071896489.4,4966373404.3,-79.5,196748.9,30383,0.2,109200,-331500,-8393865000,25400,"2023-03-15T14:25:00.000Z",1678890300000,25400,25300,25350,19.9,80.1,0,0.5,2.2,,4,440700,549900,19459600,,13932925000,2769530000,11163395000,
200478.7,175300,4959585000,238379135000,233419550000,491670380000,5071896489.4,4966373404.3,0.4,196748.9,30383,Infinity,1800,1800,45720000,25400,"2023-03-15T14:30:00.000Z",1678890600000,25400,25400,25400,100,0,0,0,,,0,,1800,19461400,,45720000,45720000,,
200478.7,175300,4959585000,238379135000,233419550000,507800585000,5071896489.4,4966373404.3,0,196748.9,30383,NaN,,0,0,25350,"2023-03-15T14:45:00.000Z",1678891500000,25350,25350,25350,0,0,100,,,20.9,NaN,,636300,20097700,636300,16130205000,,,16130205000
