"abu","acum_busd","acum_busd_val","acum_val_bu","acum_val_sd","acum_val","avg_val_bu","avg_val_sd","rbusd","asd","auk","bs","bu","bu-sd","bu-sd_val","c","date","datetime","h","l","o","pbu","psd","puk","rbu","rsd","ruk","sb","sd","sum_vol","total_vol","uk","val","val_bu","val_sd","val_uk"
14289.1,-55500,-2481455000,374540000,2855995000,3234985000,629811521.7,1105357717.4,5.2,25106.5,14247.8,0.1,8400,-55500,-2481455000,44500,"2023-02-13T09:15:00.000Z",1676279700000,45000,44500,44800,11.6,88.3,0.1,0.6,2.5,0,7.6,63900,72400,72400,100,3234985000,374540000,2855995000,4450000
14289.1,-58100,-2597280000,597465000,3194745000,3796660000,629811521.7,1105357717.4,0.2,25106.5,14247.8,0.7,5000,-2600,-115825000,44600,"2023-02-13T09:20:00.000Z",1676280000000,44600,44500,44600,39.7,60.3,0,0.3,0.3,,1.5,7600,12600,85000,,561675000,222925000,338750000,
14289.1,-54400,-2431950000,1103420000,3535370000,4643240000,629811521.7,1105357717.4,-0.3,25106.5,14247.8,1.5,11300,3700,165330000,44900,"2023-02-13T09:25:00.000Z",1676280300000,44900,44600,44650,59.8,40.2,0,0.8,0.3,,0.7,7600,18900,103900,,846580000,505955000,340625000,
14289.1,-48600,-2171160000,1930800000,4101960000,6041705000,629811521.7,1105357717.4,-0.5,25106.5,14247.8,1.5,18400,5800,260790000,45000,"2023-02-13T09:30:00.000Z",1676280600000,45000,44800,44850,59.2,40.5,0.3,1.3,0.5,0,0.7,12600,31100,135000,100,1398465000,827380000,566590000,4495000
14289.1,-76500,-3418850000,2064810000,5483660000,7557415000,629811521.7,1105357717.4,2.6,25106.5,14247.8,0.1,3000,-27900,-1247690000,44600,"2023-02-13T09:35:00.000Z",1676280900000,45000,44600,45000,8.8,91.2,0,0.2,1.2,,10.3,30900,33900,168900,,1515710000,134010000,1381700000,
14289.1,-131900,-5876345000,2451485000,8327830000,10792690000,629811521.7,1105357717.4,5.2,25106.5,14247.8,0.1,8700,-55400,-2457495000,44200,"2023-02-13T09:40:00.000Z",1676281200000,44600,44200,44600,11.9,87.9,0.1,0.6,2.6,0,7.4,64100,72900,241800,100,3235275000,386675000,2844170000,4430000
14289.1,-140600,-6259080000,4123415000,10382495000,14519285000,629811521.7,1105357717.4,0.8,25106.5,14247.8,0.8,37800,-8700,-382735000,44300,"2023-02-13T09:45:00.000Z",1676281500000,44300,44150,44150,44.8,55.2,0,2.6,1.9,,1.2,46500,84300,326100,,3726595000,1671930000,2054665000,
14289.1,-157900,-7025115000,4260745000,11285860000,15559980000,629811521.7,1105357717.4,1.6,25106.5,14247.8,0.2,3100,-17300,-766035000,44200,"2023-02-13T09:50:00.000Z",1676281800000,44300,44200,44300,13.2,86.8,0,0.2,0.8,,6.6,20400,23500,349600,,1040695000,137330000,903365000,
14289.1,-118200,-5265890000,6307535000,11573425000,17894335000,629811521.7,1105357717.4,-3.7,25106.5,14247.8,7.1,46200,39700,1759225000,44350,"2023-02-13T09:55:00.000Z",1676282100000,44350,44200,44250,87.7,12.3,0,3.2,0.3,,0.1,6500,52700,402300,,2334355000,2046790000,287565000,
14289.1,-99900,-4454105000,7327735000,11781840000,19122950000,629811521.7,1105357717.4,-1.7,25106.5,14247.8,4.9,23000,18300,811785000,44350,"2023-02-13T10:00:00.000Z",1676282400000,44400,44250,44300,83,17,0,1.6,0.2,,0.2,4700,27700,430000,,1228615000,1020200000,208415000,
14289.1,-100500,-4480250000,7615900000,12096150000,19725425000,629811521.7,1105357717.4,0.1,25106.5,14247.8,0.9,6500,-600,-26145000,44250,"2023-02-13T10:05:00.000Z",1676282700000,44350,44200,44350,47.8,52.2,0,0.5,0.3,,1.1,7100,13600,443600,,602475000,288165000,314310000,
14289.1,-155900,-6928645000,7836900000,14765545000,22615820000,629811521.7,1105357717.4,5.1,25106.5,14247.8,0.1,5000,-55400,-2448395000,44200,"2023-02-13T10:10:00.000Z",1676283000000,44200,44150,44200,7.6,92.4,0,0.3,2.4,,12.1,60400,65400,509000,,2890395000,221000000,2669395000,
14289.1,-174100,-7731725000,8168385000,15900110000,24081870000,629811521.7,1105357717.4,1.7,25106.5,14247.8,0.3,7500,-18200,-803080000,44150,"2023-02-13T10:15:00.000Z",1676283300000,44200,44100,44150,22.6,77.4,0,0.5,1,,3.4,25700,33200,542200,,1466050000,331485000,1134565000,
14289.1,-154200,-6850620000,9380350000,16230970000,25624695000,629811521.7,1105357717.4,-1.9,25106.5,14247.8,3.7,27400,19900,881105000,44200,"2023-02-13T10:20:00.000Z",1676283600000,44250,44100,44150,78.5,21.5,0,1.9,0.3,,0.3,7500,34900,577100,,1542825000,1211965000,330860000,
14289.1,-152600,-6779830000,9464400000,16244230000,25722005000,629811521.7,1105357717.4,-0.1,25106.5,14247.8,6.3,1900,1600,70790000,44250,"2023-02-13T10:25:00.000Z",1676283900000,44250,44200,44200,86.4,13.6,0,0.1,0,,0.2,300,2200,579300,,97310000,84050000,13260000,
14289.1,-148200,-6584910000,9672585000,16257495000,25943455000,629811521.7,1105357717.4,-0.4,25106.5,14247.8,15.7,4700,4400,194920000,44200,"2023-02-13T10:30:00.000Z",1676284200000,44300,44200,44250,94,6,0,0.3,0,,0.1,300,5000,584300,,221450000,208185000,13265000,
14289.1,-138100,-6137925000,10172645000,16310570000,26496590000,629811521.7,1105357717.4,-0.9,25106.5,14247.8,9.4,11300,10100,446985000,44200,"2023-02-13T10:35:00.000Z",1676284500000,44300,44200,44300,90.4,9.6,0,0.8,0,,0.1,1200,12500,596800,,553135000,500060000,53075000,
14289.1,-142900,-6349440000,10730210000,17079650000,27823235000,629811521.7,1105357717.4,0.4,25106.5,14247.8,0.7,12600,-4800,-211515000,44250,"2023-02-13T10:40:00.000Z",1676284800000,44300,44200,44300,42,58,0,0.9,0.7,,1.4,17400,30000,626800,,1326645000,557565000,769080000,
14289.1,-147700,-6561130000,11203685000,17764815000,28981875000,629811521.7,1105357717.4,0.4,25106.5,14247.8,0.7,10700,-4800,-211690000,44250,"2023-02-13T10:45:00.000Z",1676285100000,44250,44200,44200,40.8,59.2,0,0.7,0.6,,1.4,15500,26200,653000,,1158640000,473475000,685165000,
14289.1,-152200,-6760010000,11371665000,18131675000,29516715000,629811521.7,1105357717.4,0.4,25106.5,14247.8,0.5,3800,-4500,-198880000,44250,"2023-02-13T10:50:00.000Z",1676285400000,44250,44200,44250,31.4,68.6,0,0.3,0.3,,2.2,8300,12100,665100,,534840000,167980000,366860000,
14289.1,-152300,-6763155000,12406620000,19169775000,31589770000,629811521.7,1105357717.4,0,25106.5,14247.8,1,23400,-100,-3145000,44250,"2023-02-13T10:55:00.000Z",1676285700000,44250,44150,44250,49.9,50.1,0,1.6,0.9,,1,23500,46900,712000,,2073055000,1034955000,1038100000,
14289.1,-153100,-6798205000,12804425000,19602630000,32424850000,629811521.7,1105357717.4,0.1,25106.5,14247.8,0.9,9000,-800,-35050000,44200,"2023-02-13T11:00:00.000Z",1676286000000,44250,44150,44200,47.6,51.9,0.5,0.6,0.4,0,1.1,9800,18900,730900,100,835080000,397805000,432855000,4420000
14289.1,-167100,-7416805000,12990265000,20407070000,33415130000,629811521.7,1105357717.4,1.3,25106.5,14247.8,0.2,4200,-14000,-618600000,44200,"2023-02-13T11:05:00.000Z",1676286300000,44250,44200,44200,18.8,81.3,0,0.3,0.7,,4.3,18200,22400,753300,,990280000,185840000,804440000,
14289.1,-165700,-7354400000,13918465000,21272865000,35209125000,629811521.7,1105357717.4,-0.1,25106.5,14247.8,1.1,21000,1400,62405000,44200,"2023-02-13T11:10:00.000Z",1676286600000,44200,44150,44200,51.7,48.3,0,1.5,0.8,,0.9,19600,40600,793900,,1793995000,928200000,865795000,
14289.1,-167900,-7451225000,14192500000,21643725000,35871680000,629811521.7,1105357717.4,0.2,25106.5,14247.8,0.7,6200,-2200,-96825000,44200,"2023-02-13T11:15:00.000Z",1676286900000,44200,44150,44200,41.3,56,2.7,0.4,0.3,0,1.4,8400,15000,808900,400,662555000,274035000,370860000,17660000
14289.1,-182900,-8113465000,14214585000,22328050000,36578090000,629811521.7,1105357717.4,1.4,25106.5,14247.8,0,500,-15000,-662240000,44150,"2023-02-13T11:20:00.000Z",1676287200000,44200,44150,44200,3.1,96.9,0,0,0.6,,31,15500,16000,824900,,706410000,22085000,684325000,
14289.1,-188100,-8342755000,14276460000,22619215000,36931130000,629811521.7,1105357717.4,0.5,25106.5,14247.8,0.2,1400,-5200,-229290000,44100,"2023-02-13T11:25:00.000Z",1676287500000,44200,44100,44150,17.5,82.5,0,0.1,0.3,,4.7,6600,8000,832900,,353040000,61875000,291165000,
14289.1,-252400,-11175490000,14907325000,26082815000,41025595000,629811521.7,1105357717.4,6,25106.5,14247.8,0.2,14300,-64300,-2832735000,44050,"2023-02-13T13:00:00.000Z",1676293200000,44150,44000,44150,15.4,84.6,0,1,3.1,,5.5,78600,92900,925800,,4094465000,630865000,3463600000,
14289.1,-245700,-10880205000,15281810000,26162015000,41479280000,629811521.7,1105357717.4,-0.6,25106.5,14247.8,4.7,8500,6700,295285000,44050,"2023-02-13T13:05:00.000Z",1676293500000,44100,44000,44050,82.5,17.5,0,0.6,0.1,,0.2,1800,10300,936100,,453685000,374485000,79200000,
14289.1,-242700,-10747520000,16026255000,26773775000,42835485000,629811521.7,1105357717.4,-0.3,25106.5,14247.8,1.2,16900,3000,132685000,44050,"2023-02-13T13:10:00.000Z",1676293800000,44050,44000,44000,54.9,45.1,0,1.2,0.6,,0.8,13900,30800,966900,,1356205000,744445000,611760000,
14289.1,-261700,-11583455000,17022700000,28606155000,45664310000,629811521.7,1105357717.4,1.8,25106.5,14247.8,0.5,22600,-19000,-835935000,44100,"2023-02-13T13:15:00.000Z",1676294100000,44100,44000,44100,35.2,64.8,0,1.6,1.7,,1.8,41600,64200,1031100,,2828825000,996445000,1832380000,
14289.1,-321100,-14197135000,17141505000,31338640000,48515600000,629811521.7,1105357717.4,5.5,25106.5,14247.8,0,2700,-59400,-2613680000,44000,"2023-02-13T13:20:00.000Z",1676294400000,44050,44000,44050,4.2,95.8,0,0.2,2.5,,23,62100,64800,1095900,,2851290000,118805000,2732485000,
14289.1,-359000,-15862050000,17273505000,33135555000,50444515000,629811521.7,1105357717.4,3.5,25106.5,14247.8,0.1,3000,-37900,-1664915000,43850,"2023-02-13T13:25:00.000Z",1676294700000,44000,43850,44000,6.8,93.2,0,0.2,1.6,,13.6,40900,43900,1139800,,1928915000,132000000,1796915000,
14289.1,-340800,-15061595000,18302230000,33363825000,51701510000,629811521.7,1105357717.4,-1.7,25106.5,14247.8,4.5,23400,18200,800455000,43900,"2023-02-13T13:30:00.000Z",1676295000000,44000,43850,43850,81.8,18.2,0,1.6,0.2,,0.2,5200,28600,1168400,,1256995000,1028725000,228270000,
14289.1,-300200,-13275490000,20171750000,33447240000,53654445000,629811521.7,1105357717.4,-3.8,25106.5,14247.8,22.4,42500,40600,1786105000,44000,"2023-02-13T13:35:00.000Z",1676295300000,44000,43900,43900,95.7,4.3,0,3,0.1,,0,1900,44400,1212800,,1952935000,1869520000,83415000,
14289.1,-296300,-13103015000,21328700000,34431715000,55795870000,629811521.7,1105357717.4,-0.4,25106.5,14247.8,1.2,26300,3900,172475000,43950,"2023-02-13T13:40:00.000Z",1676295600000,44000,43900,44000,54,46,0,1.8,0.9,,0.9,22400,48700,1261500,,2141425000,1156950000,984475000,
14289.1,-302900,-13392410000,22018715000,35411125000,57465295000,629811521.7,1105357717.4,0.6,25106.5,14247.8,0.7,15700,-6600,-289395000,43950,"2023-02-13T13:45:00.000Z",1676295900000,43950,43900,43950,41.3,58.7,0,1.1,0.9,,1.4,22300,38000,1299500,,1669425000,690015000,979410000,
14289.1,-322500,-14250755000,22906435000,37157190000,60099080000,629811521.7,1105357717.4,1.8,25106.5,14247.8,0.5,20200,-19600,-858345000,43850,"2023-02-13T13:50:00.000Z",1676296200000,43950,43850,43950,33.7,66.3,0,1.4,1.6,,2,39800,60000,1359500,,2633785000,887720000,1746065000,
14289.1,-381700,-16840870000,23265855000,40106725000,63408035000,629811521.7,1105357717.4,5.4,25106.5,14247.8,0.1,8200,-59200,-2590115000,43700,"2023-02-13T13:55:00.000Z",1676296500000,43850,43700,43850,10.8,89.2,0,0.6,2.7,,8.2,67400,75600,1435100,,3308955000,359420000,2949535000,
14289.1,-470000,-20683000000,23886910000,44569910000,68492275000,629811521.7,1105357717.4,8.1,25106.5,14247.8,0.1,14300,-88300,-3842130000,43400,"2023-02-13T14:00:00.000Z",1676296800000,43700,43400,43700,12.2,87.8,0,1,4.1,,7.2,102600,116900,1552000,,5084240000,621055000,4463185000,
14289.1,-477800,-21020685000,26161905000,47182590000,73379950000,629811521.7,1105357717.4,0.7,25106.5,14247.8,0.9,52400,-7800,-337685000,43450,"2023-02-13T14:05:00.000Z",1676297100000,43450,43400,43400,46.5,53.5,0,3.7,2.4,,1.1,60200,112600,1664600,,4887675000,2274995000,2612680000,
14289.1,-479300,-21085210000,26970450000,48055660000,75061565000,629811521.7,1105357717.4,0.1,25106.5,14247.8,0.9,18600,-1500,-64525000,43550,"2023-02-13T14:10:00.000Z",1676297400000,43550,43400,43450,48.1,51.9,0,1.3,0.8,,1.1,20100,38700,1703300,,1681615000,808545000,873070000,
14289.1,-462900,-20364230000,28231515000,48595745000,76862715000,629811521.7,1105357717.4,-1.5,25106.5,14247.8,2.3,28800,16400,720980000,43900,"2023-02-13T14:15:00.000Z",1676297700000,43900,43500,43550,69.9,30.1,0,2,0.5,,0.4,12400,41200,1744500,,1801150000,1261065000,540085000,
14289.1,-485600,-21353020000,28666435000,50019455000,78721345000,629811521.7,1105357717.4,2.1,25106.5,14247.8,0.3,9900,-22700,-988790000,43800,"2023-02-13T14:20:00.000Z",1676298000000,43950,43500,43850,23.3,76.7,0,0.7,1.3,,3.3,32600,42500,1787000,,1858630000,434920000,1423710000,
14289.1,-497600,-21875125000,28971330000,50846455000,79853240000,629811521.7,1105357717.4,1.1,25106.5,14247.8,0.4,7000,-12000,-522105000,43700,"2023-02-13T14:25:00.000Z",1676298300000,43700,43500,43700,26.9,73.1,0,0.5,0.8,,2.7,19000,26000,1813000,,1131895000,304895000,827000000,
14289.1,-497600,-21875125000,28971330000,50846455000,108917480000,629811521.7,1105357717.4,0,25106.5,14247.8,NaN,,0,0,44400,"2023-02-13T14:45:00.000Z",1676299500000,44400,44400,44400,0,0,100,,,45.9,NaN,,654600,2467600,654600,29064240000,,,29064240000
