"abu","acum_busd","acum_busd_val","acum_val_bu","acum_val_sd","acum_val","avg_val_bu","avg_val_sd","rbusd","asd","auk","bs","bu","bu-sd","bu-sd_val","c","date","datetime","h","l","o","pbu","psd","puk","rbu","rsd","ruk","sb","sd","sum_vol","total_vol","uk","val","val_bu","val_sd","val_uk"
205273.9,-23200,-469005000,3691855000,4160860000,17928325000,4147085543.5,8627240434.8,0.1,428119.6,47347.8,0.9,180800,-23200,-469005000,20400,"2023-02-27T09:15:00.000Z",1677489300000,20500,20350,20400,20.6,23.2,56.2,0.9,0.5,10.4,1.1,204000,878700,878700,493900,17928325000,3691855000,4160860000,10075610000
205273.9,-887400,-17976230000,7024475000,25000705000,42100790000,4147085543.5,8627240434.8,3.9,428119.6,47347.8,0.2,164100,-864200,-17507225000,20250,"2023-02-27T09:20:00.000Z",1677489600000,20400,20100,20400,13.8,86.2,0,0.8,2.4,,6.3,1028300,1192400,2071100,,24172465000,3332620000,20839845000,
205273.9,-860800,-17430310000,9782755000,27213065000,47071430000,4147085543.5,8627240434.8,-0.1,428119.6,47347.8,1.2,135600,26600,545920000,20350,"2023-02-27T09:25:00.000Z",1677489900000,20350,20200,20250,55.4,44.6,0,0.7,0.3,,0.8,109000,244600,2315700,,4970640000,2758280000,2212360000,
205273.9,-1004700,-20338035000,15926420000,36264455000,62266485000,4147085543.5,8627240434.8,0.6,428119.6,47347.8,0.7,301900,-143900,-2907725000,20300,"2023-02-27T09:30:00.000Z",1677490200000,20350,20300,20350,40.4,59.6,0,1.5,1,,1.5,445800,747700,3063400,,15195055000,6143665000,9051390000,
205273.9,-922200,-18657275000,20258300000,38915575000,69249485000,4147085543.5,8627240434.8,-0.4,428119.6,47347.8,1.6,213100,82500,1680760000,20350,"2023-02-27T09:35:00.000Z",1677490500000,20350,20250,20300,62,38,0,1,0.3,,0.6,130600,343700,3407100,,6983000000,4331880000,2651120000,
205273.9,-657800,-13274875000,26802870000,40077745000,76956225000,4147085543.5,8627240434.8,-1.2,428119.6,47347.8,5.6,321600,264400,5382400000,20350,"2023-02-27T09:40:00.000Z",1677490800000,20400,20300,20300,84.9,15.1,0,1.6,0.1,,0.2,57200,378800,3785900,,7706740000,6544570000,1162170000,
205273.9,-278400,-5531200000,35517770000,41048970000,86642350000,4147085543.5,8627240434.8,-1.7,428119.6,47347.8,9,427100,379400,7743675000,20400,"2023-02-27T09:45:00.000Z",1677491100000,20450,20350,20350,90,10,0,2.1,0.1,,0.1,47700,474800,4260700,,9686125000,8714900000,971225000,
205273.9,-111600,-2109715000,41607700000,43717415000,95400725000,4147085543.5,8627240434.8,-0.8,428119.6,47347.8,2.3,297200,166800,3421485000,20550,"2023-02-27T09:50:00.000Z",1677491400000,20550,20400,20400,69.5,30.5,0,1.4,0.3,,0.4,130400,427600,4688300,,8758375000,6089930000,2668445000,
205273.9,-147400,-2839635000,43788920000,46628555000,100493085000,4147085543.5,8627240434.8,0.2,428119.6,47347.8,0.7,106400,-35800,-729920000,20500,"2023-02-27T09:55:00.000Z",1677491700000,20550,20450,20500,42.8,57.2,0,0.5,0.3,,1.3,142200,248600,4936900,,5092360000,2181220000,2911140000,
205273.9,-372900,-7446750000,45201345000,52648095000,107925050000,4147085543.5,8627240434.8,1,428119.6,47347.8,0.2,68900,-225500,-4607115000,20400,"2023-02-27T10:00:00.000Z",1677492000000,20500,20400,20450,19,81,0,0.3,0.7,,4.3,294400,363300,5300200,,7431965000,1412425000,6019540000,
205273.9,-442800,-8870915000,45935500000,54806415000,110817525000,4147085543.5,8627240434.8,0.3,428119.6,47347.8,0.3,35900,-69900,-1424165000,20400,"2023-02-27T10:05:00.000Z",1677492300000,20450,20400,20400,25.3,74.7,0,0.2,0.2,,2.9,105800,141700,5441900,,2892475000,734155000,2158320000,
205273.9,-964200,-19500650000,47120960000,66621610000,123818180000,4147085543.5,8627240434.8,2.4,428119.6,47347.8,0.1,58000,-521400,-10629735000,20400,"2023-02-27T10:10:00.000Z",1677492600000,20450,20350,20400,9.1,90.9,0,0.3,1.4,,10,579400,637400,6079300,,13000655000,1185460000,11815195000,
205273.9,-1284900,-26024195000,48166040000,74190235000,132431885000,4147085543.5,8627240434.8,1.5,428119.6,47347.8,0.1,51300,-320700,-6523545000,20300,"2023-02-27T10:15:00.000Z",1677492900000,20400,20300,20350,12.1,87.9,0,0.2,0.9,,7.3,372000,423300,6502600,,8613705000,1045080000,7568625000,
205273.9,-1397000,-28295215000,50042310000,78337525000,138455445000,4147085543.5,8627240434.8,0.5,428119.6,47347.8,0.5,92200,-112100,-2271020000,20300,"2023-02-27T10:20:00.000Z",1677493200000,20350,20300,20350,31.1,68.9,0,0.4,0.5,,2.2,204300,296500,6799100,,6023560000,1876270000,4147290000,
205273.9,-1388800,-28127395000,51915065000,80042460000,142033135000,4147085543.5,8627240434.8,0,428119.6,47347.8,1.1,92000,8200,167820000,20400,"2023-02-27T10:25:00.000Z",1677493500000,20400,20300,20300,52.3,47.7,0,0.4,0.2,,0.9,83800,175800,6974900,,3577690000,1872755000,1704935000,
205273.9,-1473200,-29844755000,51988505000,81833260000,143897375000,4147085543.5,8627240434.8,0.4,428119.6,47347.8,0,3600,-84400,-1717360000,20350,"2023-02-27T10:30:00.000Z",1677493800000,20400,20350,20350,3.9,96.1,0,0,0.2,,24.4,88000,91600,7066500,,1864240000,73440000,1790800000,
205273.9,-2220000,-45012705000,52562185000,97574890000,160212685000,4147085543.5,8627240434.8,3.4,428119.6,47347.8,0,28200,-746800,-15167950000,20250,"2023-02-27T10:35:00.000Z",1677494100000,20400,20250,20350,3.5,96.5,0,0.1,1.8,,27.5,775000,803200,7869700,,16315310000,573680000,15741630000,
205273.9,-3070400,-62184825000,55825335000,118010160000,183921205000,4147085543.5,8627240434.8,3.8,428119.6,47347.8,0.2,161200,-850400,-17172120000,20150,"2023-02-27T10:40:00.000Z",1677494400000,20300,20100,20250,13.7,86.2,0,0.8,2.4,0,6.3,1011600,1173300,9043000,500,23708520000,3263150000,20435270000,10100000
205273.9,-5695800,-114832965000,57895445000,172728410000,241758180000,4147085543.5,8627240434.8,11.8,428119.6,47347.8,0,102700,-2625400,-52648140000,20050,"2023-02-27T10:45:00.000Z",1677494700000,20200,20000,20150,3.6,94.6,1.8,0.5,6.4,1.1,26.6,2728100,2883100,11926100,52300,57836975000,2070110000,54718250000,1048615000
205273.9,-6144300,-123792475000,62569265000,186361740000,260065330000,4147085543.5,8627240434.8,2,428119.6,47347.8,0.3,233400,-448500,-8959510000,20050,"2023-02-27T10:50:00.000Z",1677495000000,20150,19950,20150,25.5,74.5,0,1.1,1.6,,2.9,681900,915300,12841400,,18307150000,4673820000,13633330000,
205273.9,-6152100,-123946205000,65872675000,189818880000,266825880000,4147085543.5,8627240434.8,0,428119.6,47347.8,1,164300,-7800,-153730000,20050,"2023-02-27T10:55:00.000Z",1677495300000,20150,20050,20050,48.8,51.2,0,0.8,0.4,,1,172100,336400,13177800,,6760550000,3303410000,3457140000,
205273.9,-6364800,-128204770000,68239990000,196444760000,275819075000,4147085543.5,8627240434.8,1,428119.6,47347.8,0.4,117900,-212700,-4258565000,20100,"2023-02-27T11:00:00.000Z",1677495600000,20100,20000,20050,26.3,73.7,0,0.6,0.8,,2.8,330600,448500,13626300,,8993195000,2367315000,6625880000,
205273.9,-7086100,-142634440000,70366270000,213000710000,294501305000,4147085543.5,8627240434.8,3.2,428119.6,47347.8,0.1,106100,-721300,-14429670000,20000,"2023-02-27T11:05:00.000Z",1677495900000,20100,19950,20100,11.4,88.6,0,0.5,1.9,,7.8,827400,933500,14559800,,18682230000,2126280000,16555950000,
205273.9,-7407300,-149038835000,71784270000,220823105000,303741700000,4147085543.5,8627240434.8,1.4,428119.6,47347.8,0.2,70900,-321200,-6404395000,20000,"2023-02-27T11:10:00.000Z",1677496200000,20000,19950,19950,15.3,84.7,0,0.3,0.9,,5.5,392100,463000,15022800,,9240395000,1418000000,7822395000,
205273.9,-7488700,-150653670000,75422270000,226075940000,312632535000,4147085543.5,8627240434.8,0.4,428119.6,47347.8,0.7,181900,-81400,-1614835000,20000,"2023-02-27T11:15:00.000Z",1677496500000,20000,19950,20000,40.9,59.1,0,0.9,0.6,,1.4,263300,445200,15468000,,8890835000,3638000000,5252835000,
205273.9,-7344400,-147764615000,80463510000,228228125000,319825960000,4147085543.5,8627240434.8,-0.6,428119.6,47347.8,2.3,251700,144300,2889055000,20100,"2023-02-27T11:20:00.000Z",1677496800000,20100,19950,20000,70.1,29.9,0,1.2,0.3,,0.4,107400,359100,15827100,,7193425000,5041240000,2152185000,
205273.9,-7122600,-143303535000,86648280000,229951815000,327750500000,4147085543.5,8627240434.8,-1,428119.6,47347.8,3.6,307700,221800,4461080000,20100,"2023-02-27T11:25:00.000Z",1677497100000,20100,20050,20050,78,21.8,0.2,1.5,0.2,0,0.3,85900,394400,16221500,800,7924540000,6184770000,1723690000,16080000
205273.9,-7633800,-153520635000,90290955000,243811590000,345285110000,4147085543.5,8627240434.8,2.3,428119.6,47347.8,0.3,181600,-511200,-10217100000,19950,"2023-02-27T13:00:00.000Z",1677502800000,20150,19950,20100,20.7,79.1,0.2,0.9,1.6,0,3.8,692800,876000,17097500,1600,17534610000,3642675000,13859775000,32160000
205273.9,-7119700,-143207390000,102272355000,245479745000,358934665000,4147085543.5,8627240434.8,-2.3,428119.6,47347.8,7.2,597500,514100,10313245000,20100,"2023-02-27T13:05:00.000Z",1677503100000,20150,19950,20000,87.8,12.2,0,2.9,0.2,,0.1,83400,680900,17778400,,13649555000,11981400000,1668155000,
205273.9,-6997100,-140733830000,105496250000,246230080000,362908895000,4147085543.5,8627240434.8,-0.6,428119.6,47347.8,4.3,159900,122600,2473560000,20150,"2023-02-27T13:10:00.000Z",1677503400000,20200,20100,20100,81.1,18.9,0,0.8,0.1,,0.2,37300,197200,17975600,,3974230000,3223895000,750335000,
205273.9,-6859400,-137945790000,110169055000,248114845000,369466465000,4147085543.5,8627240434.8,-0.6,428119.6,47347.8,2.5,231200,137700,2788040000,20250,"2023-02-27T13:15:00.000Z",1677503700000,20250,20150,20150,71.2,28.8,0,1.1,0.2,,0.4,93500,324700,18300300,,6557570000,4672805000,1884765000,
205273.9,-6739600,-135511040000,114113910000,249624950000,374921425000,4147085543.5,8627240434.8,-0.5,428119.6,47347.8,2.6,194200,119800,2434750000,20300,"2023-02-27T13:20:00.000Z",1677504000000,20400,20200,20250,72.3,27.7,0,0.9,0.2,,0.4,74400,268600,18568900,,5454960000,3944855000,1510105000,
205273.9,-6892700,-138610745000,115814150000,254424895000,381421610000,4147085543.5,8627240434.8,0.7,428119.6,47347.8,0.4,83400,-153100,-3099705000,20250,"2023-02-27T13:25:00.000Z",1677504300000,20400,20200,20300,26.1,73.9,0,0.4,0.6,,2.8,236500,319900,18888800,,6500185000,1700240000,4799945000,
205273.9,-6901700,-138789330000,118147275000,256936605000,386266445000,4147085543.5,8627240434.8,0,428119.6,47347.8,0.9,115400,-9000,-178585000,20200,"2023-02-27T13:30:00.000Z",1677504600000,20250,20150,20250,48.1,51.9,0,0.6,0.3,,1.1,124400,239800,19128600,,4844835000,2333125000,2511710000,
205273.9,-6931900,-139395315000,120036990000,259432305000,390651860000,4147085543.5,8627240434.8,0.1,428119.6,47347.8,0.8,93500,-30200,-605985000,20200,"2023-02-27T13:35:00.000Z",1677504900000,20250,20150,20150,43,57,0,0.5,0.3,,1.3,123700,217200,19345800,,4385415000,1889715000,2495700000,
205273.9,-6980800,-140388185000,123948280000,264336465000,399467310000,4147085543.5,8627240434.8,0.2,428119.6,47347.8,0.8,192900,-48900,-992870000,20250,"2023-02-27T13:40:00.000Z",1677505200000,20350,20150,20200,44.4,55.6,0,0.9,0.6,,1.3,241800,434700,19780500,,8815450000,3911290000,4904160000,
205273.9,-7402600,-148904345000,126060840000,274965185000,412208590000,4147085543.5,8627240434.8,1.9,428119.6,47347.8,0.2,104400,-421800,-8516160000,20250,"2023-02-27T13:45:00.000Z",1677505500000,20250,20150,20200,16.6,83.4,0,0.5,1.2,,5,526200,630600,20411100,,12741280000,2112560000,10628720000,
205273.9,-7708500,-155066325000,127543515000,282609840000,421352080000,4147085543.5,8627240434.8,1.4,428119.6,47347.8,0.2,73300,-305900,-6161980000,20150,"2023-02-27T13:50:00.000Z",1677505800000,20250,20150,20200,16.2,83.7,0.2,0.4,0.9,0,5.2,379200,453300,20864400,800,9143490000,1482675000,7644655000,16160000
205273.9,-8027200,-161477320000,131654100000,293131420000,435984245000,4147085543.5,8627240434.8,1.4,428119.6,47347.8,0.4,203500,-318700,-6410995000,20150,"2023-02-27T13:55:00.000Z",1677506100000,20250,20100,20150,28,72,0,1,1.2,,2.6,522200,725700,21590100,,14632165000,4110585000,10521580000,
205273.9,-8796300,-176926240000,137025605000,313951845000,462176175000,4147085543.5,8627240434.8,3.4,428119.6,47347.8,0.3,267100,-769100,-15448920000,20150,"2023-02-27T14:00:00.000Z",1677506400000,20200,20000,20200,20.5,79.5,0,1.3,2.4,,3.9,1036200,1303300,22893400,,26191930000,5371505000,20820425000,
205273.9,-9347700,-188004120000,142245765000,330249885000,483694375000,4147085543.5,8627240434.8,2.5,428119.6,47347.8,0.3,258400,-551400,-11077880000,20150,"2023-02-27T14:05:00.000Z",1677506700000,20250,20100,20150,24.2,75.8,0,1.3,1.9,,3.1,809800,1068200,23961600,,21518200000,5220160000,16298040000,
205273.9,-9534900,-191780905000,144695840000,336476745000,492371310000,4147085543.5,8627240434.8,0.8,428119.6,47347.8,0.4,121200,-187200,-3776785000,20150,"2023-02-27T14:10:00.000Z",1677507000000,20250,20150,20150,28.2,71.8,0,0.6,0.7,,2.5,308400,429600,24391200,,8676935000,2450075000,6226860000,
205273.9,-9617500,-193434005000,151271785000,344705790000,507267200000,4147085543.5,8627240434.8,0.4,428119.6,47347.8,0.8,325500,-82600,-1653100000,20150,"2023-02-27T14:15:00.000Z",1677507300000,20250,20150,20200,44.1,55.3,0.6,1.6,1,0.1,1.3,408100,738100,25129300,4500,14895890000,6575945000,8229045000,90900000
205273.9,-10594000,-213018555000,169946540000,382965095000,564227325000,4147085543.5,8627240434.8,4.4,428119.6,47347.8,0.5,929400,-976500,-19584550000,20100,"2023-02-27T14:20:00.000Z",1677507600000,20200,20000,20150,32.8,67.2,0,4.5,4.5,0,2.1,1905900,2836600,27965900,1300,56960125000,18674755000,38259305000,26065000
205273.9,-10250900,-206087125000,190765935000,396853060000,599376945000,4147085543.5,8627240434.8,-1.5,428119.6,47347.8,1.5,1034500,343100,6931430000,20100,"2023-02-27T14:25:00.000Z",1677507900000,20250,20050,20050,59.2,39.6,1.3,5,1.6,0.5,0.7,691400,1747900,29713800,22000,35149620000,20819395000,13887965000,442260000
205273.9,-10250900,-206087125000,190765935000,396853060000,631542975000,4147085543.5,8627240434.8,0,428119.6,47347.8,NaN,,0,0,20100,"2023-02-27T14:45:00.000Z",1677509100000,20100,20100,20100,0,0,100,,,33.8,NaN,,1600300,31314100,1600300,32166030000,,,32166030000
