"abu","acum_busd","acum_busd_val","acum_val_bu","acum_val_sd","acum_val","avg_val_bu","avg_val_sd","rbusd","asd","auk","bs","bu","bu-sd","bu-sd_val","c","date","datetime","h","l","o","pbu","psd","puk","rbu","rsd","ruk","sb","sd","sum_vol","total_vol","uk","val","val_bu","val_sd","val_uk"
20739.1,76500,1829950000,2189185000,359235000,2548420000,494234673.9,415368478.3,23.2,17484.8,10.9,6.1,91500,76500,1829950000,24100,"2023-02-16T09:15:00.000Z",1676538900000,24100,23700,23800,85.9,14.1,0,4.4,0.9,,0.2,15000,106500,106500,,2548420000,2189185000,359235000,
20739.1,24500,581165000,2891170000,2310005000,5201175000,494234673.9,415368478.3,-15.8,17484.8,10.9,0.4,29200,-52000,-1248785000,23900,"2023-02-16T09:20:00.000Z",1676539200000,24100,23900,24050,26.4,73.6,0,1.4,4.6,,2.8,81200,110400,216900,,2652755000,701985000,1950770000,
20739.1,22400,531550000,3309545000,2777995000,6087540000,494234673.9,415368478.3,-0.6,17484.8,10.9,0.9,17500,-2100,-49615000,23900,"2023-02-16T09:25:00.000Z",1676539500000,23950,23850,23900,47.2,52.8,0,0.8,1.1,,1.1,19600,37100,254000,,886365000,418375000,467990000,
20739.1,21000,499180000,4168575000,3669395000,7837970000,494234673.9,415368478.3,-0.4,17484.8,10.9,1,36000,-1400,-32370000,23900,"2023-02-16T09:30:00.000Z",1676539800000,23900,23800,23900,49,51,0,1.7,2.1,,1,37400,73400,327400,,1750430000,859030000,891400000,
20739.1,36500,870630000,4647575000,3776945000,8424520000,494234673.9,415368478.3,4.7,17484.8,10.9,4.4,20000,15500,371450000,23900,"2023-02-16T09:35:00.000Z",1676540100000,23950,23900,23950,81.6,18.4,0,1,0.3,,0.2,4500,24500,351900,,586550000,479000000,107550000,
20739.1,2000,46095000,4685830000,4639735000,9325565000,494234673.9,415368478.3,-10.5,17484.8,10.9,0,1600,-34500,-824535000,23900,"2023-02-16T09:40:00.000Z",1676540400000,23950,23900,23900,4.2,95.8,0,0.1,2.1,,22.6,36100,37700,389600,,901045000,38255000,862790000,
20739.1,-11900,-285345000,4724065000,5009410000,9733475000,494234673.9,415368478.3,-4.2,17484.8,10.9,0.1,1600,-13900,-331440000,23850,"2023-02-16T09:45:00.000Z",1676540700000,23900,23850,23900,9.4,90.6,0,0.1,0.9,,9.7,15500,17100,406700,,407910000,38235000,369675000,
20739.1,-5100,-122670000,5174830000,5297500000,10472330000,494234673.9,415368478.3,2.1,17484.8,10.9,1.6,18900,6800,162675000,23850,"2023-02-16T09:50:00.000Z",1676541000000,23850,23800,23850,61,39,0,0.9,0.7,,0.6,12100,31000,437700,,738855000,450765000,288090000,
20739.1,8000,190550000,5550060000,5359510000,10909570000,494234673.9,415368478.3,4,17484.8,10.9,6,15700,13100,313220000,23850,"2023-02-16T09:55:00.000Z",1676541300000,23900,23850,23900,85.8,14.2,0,0.8,0.1,,0.2,2600,18300,456000,,437240000,375230000,62010000,
20739.1,-3300,-78880000,5585910000,5664790000,11250700000,494234673.9,415368478.3,-3.4,17484.8,10.9,0.1,1500,-11300,-269430000,23850,"2023-02-16T10:00:00.000Z",1676541600000,23900,23850,23900,10.5,89.5,0,0.1,0.7,,8.5,12800,14300,470300,,341130000,35850000,305280000,
20739.1,16300,389585000,6066300000,5676715000,11743015000,494234673.9,415368478.3,5.9,17484.8,10.9,40.2,20100,19600,468465000,23900,"2023-02-16T10:05:00.000Z",1676541900000,23900,23850,23850,97.6,2.4,0,1,0,,0,500,20600,490900,,492315000,480390000,11925000,
20739.1,7600,182175000,6135610000,5953435000,12089045000,494234673.9,415368478.3,-2.6,17484.8,10.9,0.3,2900,-8700,-207410000,23850,"2023-02-16T10:10:00.000Z",1676542200000,23900,23850,23900,20,80,0,0.1,0.7,,4,11600,14500,505400,,346030000,69310000,276720000,
20739.1,9600,229875000,6345490000,6115615000,12461105000,494234673.9,415368478.3,0.6,17484.8,10.9,1.3,8800,2000,47700000,23850,"2023-02-16T10:15:00.000Z",1676542500000,23850,23850,23850,56.4,43.6,0,0.4,0.4,,0.8,6800,15600,521000,,372060000,209880000,162180000,
20739.1,-2300,-53070000,6774480000,6827550000,13602030000,494234673.9,415368478.3,-3.6,17484.8,10.9,0.6,18000,-11900,-282945000,23800,"2023-02-16T10:20:00.000Z",1676542800000,23850,23750,23850,37.6,62.4,0,0.9,1.7,,1.7,29900,47900,568900,,1140925000,428990000,711935000,
20739.1,-34700,-821410000,6776850000,7598260000,14375110000,494234673.9,415368478.3,-9.7,17484.8,10.9,0,100,-32400,-768340000,23700,"2023-02-16T10:25:00.000Z",1676543100000,23750,23700,23750,0.3,99.7,0,0,1.9,,325,32500,32600,601500,,773080000,2370000,770710000,
20739.1,-28000,-662790000,6994585000,7657375000,14651960000,494234673.9,415368478.3,2,17484.8,10.9,3.7,9200,6700,158620000,23650,"2023-02-16T10:30:00.000Z",1676543400000,23700,23600,23700,78.6,21.4,0,0.4,0.1,,0.3,2500,11700,613200,,276850000,217735000,59115000,
20739.1,-16400,-387280000,7326855000,7714135000,15040990000,494234673.9,415368478.3,3.5,17484.8,10.9,5.8,14000,11600,275510000,23800,"2023-02-16T10:35:00.000Z",1676543700000,23800,23650,23650,85.4,14.6,0,0.7,0.1,,0.2,2400,16400,629600,,389030000,332270000,56760000,
20739.1,-13700,-322465000,7576680000,7899145000,15475825000,494234673.9,415368478.3,0.8,17484.8,10.9,1.3,10500,2700,64815000,23750,"2023-02-16T10:40:00.000Z",1676544000000,23800,23700,23800,57.4,42.6,0,0.5,0.4,,0.7,7800,18300,647900,,434835000,249825000,185010000,
20739.1,-34200,-808355000,7645415000,8453770000,16099185000,494234673.9,415368478.3,-6.2,17484.8,10.9,0.1,2900,-20500,-485890000,23700,"2023-02-16T10:45:00.000Z",1676544300000,23750,23700,23750,11,89,0,0.1,1.3,,8.1,23400,26300,674200,,623360000,68735000,554625000,
20739.1,-36200,-855240000,7853975000,8709215000,16563190000,494234673.9,415368478.3,-0.6,17484.8,10.9,0.8,8800,-2000,-46885000,23700,"2023-02-16T10:50:00.000Z",1676544600000,23700,23650,23700,44.9,55.1,0,0.4,0.6,,1.2,10800,19600,693800,,464005000,208560000,255445000,
20739.1,-18100,-428175000,8807575000,9235750000,18043325000,494234673.9,415368478.3,5.4,17484.8,10.9,1.8,40400,18100,427065000,23550,"2023-02-16T10:55:00.000Z",1676544900000,23650,23550,23650,64.4,35.6,0,1.9,1.3,,0.6,22300,62700,756500,,1480135000,953600000,526535000,
20739.1,-17700,-418305000,9019975000,9438280000,18458255000,494234673.9,415368478.3,0.1,17484.8,10.9,1,9000,400,9870000,23550,"2023-02-16T11:00:00.000Z",1676545200000,23600,23550,23550,51.1,48.9,0,0.4,0.5,,1,8600,17600,774100,,414930000,212400000,202530000,
20739.1,-11100,-262495000,9199335000,9461830000,18661165000,494234673.9,415368478.3,2,17484.8,10.9,7.6,7600,6600,155810000,23600,"2023-02-16T11:05:00.000Z",1676545500000,23600,23550,23550,88.4,11.6,0,0.4,0.1,,0.1,1000,8600,782700,,202910000,179360000,23550000,
20739.1,-22600,-533295000,9211135000,9744430000,18955565000,494234673.9,415368478.3,-3.4,17484.8,10.9,0,500,-11500,-270800000,23550,"2023-02-16T11:10:00.000Z",1676545800000,23600,23550,23600,4,96,0,0,0.7,,24,12000,12500,795200,,294400000,11800000,282600000,
20739.1,-5100,-120060000,9846210000,9966270000,19812480000,494234673.9,415368478.3,5.2,17484.8,10.9,2.9,26900,17500,413235000,23650,"2023-02-16T11:15:00.000Z",1676546100000,23650,23600,23600,74.1,25.9,0,1.3,0.5,,0.3,9400,36300,831500,,856915000,635075000,221840000,
20739.1,-2800,-65655000,9955000000,10020655000,19975655000,494234673.9,415368478.3,0.7,17484.8,10.9,2,4600,2300,54405000,23650,"2023-02-16T11:20:00.000Z",1676546400000,23650,23600,23650,66.7,33.3,0,0.2,0.1,,0.5,2300,6900,838400,,163175000,108790000,54385000,
20739.1,2100,50380000,10184405000,10134025000,20318430000,494234673.9,415368478.3,1.5,17484.8,10.9,2,9700,4900,116035000,23650,"2023-02-16T11:25:00.000Z",1676546700000,23650,23600,23650,66.9,33.1,0,0.5,0.3,,0.5,4800,14500,852900,,342775000,229405000,113370000,
20739.1,-16100,-378760000,10456420000,10835180000,21291600000,494234673.9,415368478.3,-5.4,17484.8,10.9,0.4,11500,-18200,-429140000,23600,"2023-02-16T13:00:00.000Z",1676552400000,23700,23600,23650,27.9,72.1,0,0.6,1.7,,2.6,29700,41200,894100,,973170000,272015000,701155000,
20739.1,-75300,-1771025000,10623625000,12394650000,23018275000,494234673.9,415368478.3,-17.7,17484.8,10.9,0.1,7100,-59200,-1392265000,23500,"2023-02-16T13:05:00.000Z",1676552700000,23550,23500,23550,9.7,90.3,0,0.3,3.8,,9.3,66300,73400,967500,,1726675000,167205000,1559470000,
20739.1,-107300,-2522480000,10804910000,13327390000,24132300000,494234673.9,415368478.3,-9.5,17484.8,10.9,0.2,7700,-32000,-751455000,23500,"2023-02-16T13:10:00.000Z",1676553000000,23550,23450,23500,16.2,83.8,0,0.4,2.3,,5.2,39700,47400,1014900,,1114025000,181285000,932740000,
20739.1,-87000,-2042235000,11676085000,13718320000,25394405000,494234673.9,415368478.3,6.1,17484.8,10.9,2.2,36900,20300,480245000,23600,"2023-02-16T13:15:00.000Z",1676553300000,23650,23500,23500,69,31,0,1.8,0.9,,0.4,16600,53500,1068400,,1262105000,871175000,390930000,
20739.1,-71100,-1665465000,12209100000,13874565000,26083665000,494234673.9,415368478.3,4.8,17484.8,10.9,3.4,22500,15900,376770000,23700,"2023-02-16T13:20:00.000Z",1676553600000,23750,23600,23600,77.3,22.7,0,1.1,0.4,,0.3,6600,29100,1097500,,689260000,533015000,156245000,
20739.1,-77300,-1812210000,12268295000,14080505000,26348800000,494234673.9,415368478.3,-1.9,17484.8,10.9,0.3,2500,-6200,-146745000,23700,"2023-02-16T13:25:00.000Z",1676553900000,23700,23600,23700,22.3,77.7,0,0.1,0.5,,3.5,8700,11200,1108700,,265135000,59195000,205940000,
20739.1,-83900,-1967905000,12348825000,14316730000,26665555000,494234673.9,415368478.3,-2,17484.8,10.9,0.3,3400,-6600,-155695000,23650,"2023-02-16T13:30:00.000Z",1676554200000,23700,23600,23700,25.4,74.6,0,0.2,0.6,,2.9,10000,13400,1122100,,316755000,80530000,236225000,
20739.1,-38400,-888275000,13478095000,14366370000,27844465000,494234673.9,415368478.3,13.7,17484.8,10.9,22.7,47600,45500,1079630000,23800,"2023-02-16T13:35:00.000Z",1676554500000,23800,23600,23600,95.8,4.2,0,2.3,0.1,,0,2100,49700,1171800,,1178910000,1129270000,49640000,
20739.1,-36400,-839005000,14163090000,15002095000,29165185000,494234673.9,415368478.3,0.6,17484.8,10.9,1.1,28800,2000,49270000,23800,"2023-02-16T13:40:00.000Z",1676554800000,23800,23700,23800,51.8,48.2,0,1.4,1.5,,0.9,26800,55600,1227400,,1320720000,684995000,635725000,
20739.1,-58200,-1356195000,14303150000,15659345000,29962495000,494234673.9,415368478.3,-6.6,17484.8,10.9,0.2,5900,-21800,-517190000,23700,"2023-02-16T13:45:00.000Z",1676555100000,23800,23700,23800,17.6,82.4,0,0.3,1.6,,4.7,27700,33600,1261000,,797310000,140060000,657250000,
20739.1,-44500,-1030765000,14695075000,15725840000,30420915000,494234673.9,415368478.3,4.1,17484.8,10.9,5.9,16500,13700,325430000,23700,"2023-02-16T13:50:00.000Z",1676555400000,23800,23700,23750,85.5,14.5,0,0.8,0.2,,0.2,2800,19300,1280300,,458420000,391925000,66495000,
20739.1,-55400,-1289070000,14856260000,16145330000,31001590000,494234673.9,415368478.3,-3.3,17484.8,10.9,0.4,6800,-10900,-258305000,23700,"2023-02-16T13:55:00.000Z",1676555700000,23750,23700,23750,27.8,72.2,0,0.3,1,,2.6,17700,24500,1304800,,580675000,161185000,419490000,
20739.1,-72900,-1703630000,14982135000,16685765000,31667900000,494234673.9,415368478.3,-5.3,17484.8,10.9,0.2,5300,-17500,-414560000,23750,"2023-02-16T14:00:00.000Z",1676556000000,23750,23700,23700,18.9,81.1,0,0.3,1.3,,4.3,22800,28100,1332900,,666310000,125875000,540435000,
20739.1,-18600,-408205000,16408725000,16816930000,33225655000,494234673.9,415368478.3,16.4,17484.8,10.9,10.9,59800,54300,1295425000,23850,"2023-02-16T14:05:00.000Z",1676556300000,23900,23750,23750,91.6,8.4,0,2.9,0.3,,0.1,5500,65300,1398200,,1557755000,1426590000,131165000,
20739.1,-29300,-662715000,16515975000,17178690000,33694665000,494234673.9,415368478.3,-3.2,17484.8,10.9,0.3,4500,-10700,-254510000,23800,"2023-02-16T14:10:00.000Z",1676556600000,23850,23800,23850,22.8,77.2,0,0.2,0.9,,3.4,15200,19700,1417900,,469010000,107250000,361760000,
20739.1,15600,409550000,17817370000,17407820000,35225190000,494234673.9,415368478.3,13.6,17484.8,10.9,5.7,54500,44900,1072265000,23950,"2023-02-16T14:15:00.000Z",1676556900000,23950,23800,23800,85,15,0,2.6,0.5,,0.2,9600,64100,1482000,,1530525000,1301395000,229130000,
20739.1,8500,240325000,18410555000,18170230000,36580785000,494234673.9,415368478.3,-2.1,17484.8,10.9,0.8,24800,-7100,-169225000,23950,"2023-02-16T14:20:00.000Z",1676557200000,23950,23900,23900,43.7,56.3,0,1.2,1.8,,1.3,31900,56700,1538700,,1355595000,593185000,762410000,
20739.1,37000,923045000,20029995000,19106950000,39148895000,494234673.9,415368478.3,8.7,17484.8,10.9,1.7,67700,28500,682720000,23900,"2023-02-16T14:25:00.000Z",1676557500000,23950,23850,23900,63,36.5,0.5,3.3,2.2,45.9,0.6,39200,107400,1646100,500,2568110000,1619440000,936720000,11950000
20739.1,149700,3627845000,22734795000,19106950000,41853695000,494234673.9,415368478.3,34.3,17484.8,10.9,Infinity,112700,112700,2704800000,24000,"2023-02-16T14:45:00.000Z",1676558700000,24000,24000,24000,100,0,0,5.4,,,0,,112700,1758800,,2704800000,2704800000,,
