"abu","acum_busd","acum_busd_val","acum_val_bu","acum_val_sd","acum_val","avg_val_bu","avg_val_sd","rbusd","asd","auk","bs","bu","bu-sd","bu-sd_val","c","date","datetime","h","l","o","pbu","psd","puk","rbu","rsd","ruk","sb","sd","sum_vol","total_vol","uk","val","val_bu","val_sd","val_uk"
49537,-59200,-1071190000,87075000,1158265000,1245340000,904003913,973425652.2,15.4,53471.7,82.6,0.1,4800,-59200,-1071190000,18100,"2023-02-16T09:15:00.000Z",1676538900000,18150,18050,18100,7,93,0,0.1,1.2,,13.3,64000,68800,68800,,1245340000,87075000,1158265000,
49537,-76900,-1391005000,297590000,1688595000,1986185000,904003913,973425652.2,4.6,53471.7,82.6,0.4,11600,-17700,-319815000,18150,"2023-02-16T09:20:00.000Z",1676539200000,18150,18100,18100,28.4,71.6,0,0.2,0.5,,2.5,29300,40900,109700,,740845000,210515000,530330000,
49537,-84200,-1522595000,493610000,2016205000,2509815000,904003913,973425652.2,1.9,53471.7,82.6,0.6,10800,-7300,-131590000,18150,"2023-02-16T09:25:00.000Z",1676539500000,18150,18100,18150,37.4,62.6,0,0.2,0.3,,1.7,18100,28900,138600,,523630000,196020000,327610000,
49537,-74700,-1349685000,842090000,2191775000,3033865000,904003913,973425652.2,-2.5,53471.7,82.6,2,19200,9500,172910000,18100,"2023-02-16T09:30:00.000Z",1676539800000,18150,18100,18150,66.4,33.6,0,0.4,0.2,,0.5,9700,28900,167500,,524050000,348480000,175570000,
49537,-60500,-1091525000,1255910000,2347435000,3603345000,904003913,973425652.2,-3.7,53471.7,82.6,2.7,22800,14200,258160000,18150,"2023-02-16T09:35:00.000Z",1676540100000,18150,18100,18150,72.6,27.4,0,0.5,0.2,,0.4,8600,31400,198900,,569480000,413820000,155660000,
49537,-77500,-1396595000,2210600000,3607195000,5817795000,904003913,973425652.2,4.4,53471.7,82.6,0.8,52600,-17000,-305070000,18100,"2023-02-16T09:40:00.000Z",1676540400000,18150,18100,18150,43,57,0,1.1,1.3,,1.3,69600,122200,321100,,2214450000,954690000,1259760000,
49537,-90900,-1638985000,2265050000,3904035000,6169085000,904003913,973425652.2,3.5,53471.7,82.6,0.2,3000,-13400,-242390000,18100,"2023-02-16T09:45:00.000Z",1676540700000,18150,18100,18100,15.5,84.5,0,0.1,0.3,,5.5,16400,19400,340500,,351290000,54450000,296840000,
49537,-96800,-1745700000,2292275000,4037975000,6330250000,904003913,973425652.2,1.5,53471.7,82.6,0.2,1500,-5900,-106715000,18150,"2023-02-16T09:50:00.000Z",1676541000000,18150,18100,18100,16.9,83.1,0,0,0.1,,4.9,7400,8900,349400,,161165000,27225000,133940000,
49537,-90000,-1621305000,2769620000,4390925000,7160545000,904003913,973425652.2,-1.8,53471.7,82.6,1.3,26300,6800,124395000,18100,"2023-02-16T09:55:00.000Z",1676541300000,18150,18100,18150,57.4,42.6,0,0.5,0.4,,0.7,19500,45800,395200,,830295000,477345000,352950000,
49537,-16900,-293775000,4345295000,4639070000,8984365000,904003913,973425652.2,-19.1,53471.7,82.6,6.3,86800,73100,1327530000,18150,"2023-02-16T10:00:00.000Z",1676541600000,18200,18100,18100,86.4,13.6,0,1.8,0.3,,0.2,13700,100500,495700,,1823820000,1575675000,248145000,
49537,16400,313780000,5495535000,5181755000,10677290000,904003913,973425652.2,-8.8,53471.7,82.6,2.1,63200,33300,607555000,18200,"2023-02-16T10:05:00.000Z",1676541900000,18200,18150,18200,67.9,32.1,0,1.3,0.6,,0.5,29900,93100,588800,,1692925000,1150240000,542685000,
49537,112300,2059645000,7370505000,5310860000,12681365000,904003913,973425652.2,-25.1,53471.7,82.6,14.5,103000,95900,1745865000,18200,"2023-02-16T10:10:00.000Z",1676542200000,18250,18150,18150,93.6,6.4,0,2.1,0.1,,0.1,7100,110100,698900,,2004075000,1874970000,129105000,
49537,208900,3822790000,9204630000,5381840000,14586470000,904003913,973425652.2,-25.4,53471.7,82.6,25.8,100500,96600,1763145000,18250,"2023-02-16T10:15:00.000Z",1676542500000,18250,18200,18250,96.3,3.7,0,2,0.1,,0,3900,104400,803300,,1905105000,1834125000,70980000,
49537,234400,4291475000,10878155000,6586680000,17464835000,904003913,973425652.2,-6.8,53471.7,82.6,1.4,91700,25500,468685000,18200,"2023-02-16T10:20:00.000Z",1676542800000,18250,18200,18250,58.1,41.9,0,1.9,1.2,,0.7,66200,157900,961200,,2878365000,1673525000,1204840000,
49537,190900,3500020000,12126675000,8626655000,20753330000,904003913,973425652.2,11.4,53471.7,82.6,0.6,68600,-43500,-791455000,18200,"2023-02-16T10:25:00.000Z",1676543100000,18200,18150,18200,38,62,0,1.4,2.1,,1.6,112100,180700,1141900,,3288495000,1248520000,2039975000,
49537,183600,3367175000,12221315000,8854140000,21075455000,904003913,973425652.2,1.9,53471.7,82.6,0.4,5200,-7300,-132845000,18200,"2023-02-16T10:30:00.000Z",1676543400000,18200,18150,18200,29.4,70.6,0,0.1,0.2,,2.4,12500,17700,1159600,,322125000,94640000,227485000,
49537,160800,2952365000,12276065000,9323700000,21599765000,904003913,973425652.2,6,53471.7,82.6,0.1,3000,-22800,-414810000,18200,"2023-02-16T10:35:00.000Z",1676543700000,18250,18200,18200,10.4,89.6,0,0.1,0.5,,8.6,25800,28800,1188400,,524310000,54750000,469560000,
49537,161800,2970945000,12414765000,9443820000,21858585000,904003913,973425652.2,-0.3,53471.7,82.6,1.2,7600,1000,18580000,18250,"2023-02-16T10:40:00.000Z",1676544000000,18250,18200,18200,53.5,46.5,0,0.2,0.1,,0.9,6600,14200,1202600,,258820000,138700000,120120000,
49537,188500,3459605000,13407565000,9947960000,23355525000,904003913,973425652.2,-7,53471.7,82.6,2,54400,26700,488660000,18200,"2023-02-16T10:45:00.000Z",1676544300000,18250,18200,18200,66.3,33.7,0,1.1,0.5,,0.5,27700,82100,1284700,,1496940000,992800000,504140000,
49537,235200,4312255000,14396715000,10084460000,24481175000,904003913,973425652.2,-12.3,53471.7,82.6,7.2,54200,46700,852650000,18200,"2023-02-16T10:50:00.000Z",1676544600000,18250,18200,18200,87.8,12.2,0,1.1,0.1,,0.1,7500,61700,1346400,,1125650000,989150000,136500000,
49537,197600,3627945000,14400365000,10772420000,25172785000,904003913,973425652.2,9.9,53471.7,82.6,0,200,-37600,-684310000,18200,"2023-02-16T10:55:00.000Z",1676544900000,18250,18200,18200,0.5,99.5,0,0,0.7,,189,37800,38000,1384400,,691610000,3650000,687960000,
49537,128200,2365010000,14453290000,12088280000,26541570000,904003913,973425652.2,18.2,53471.7,82.6,0,2900,-69400,-1262935000,18250,"2023-02-16T11:00:00.000Z",1676545200000,18250,18200,18200,3.9,96.1,0,0.1,1.4,,24.9,72300,75200,1459600,,1368785000,52925000,1315860000,
49537,139900,2580015000,15207015000,12627000000,27834015000,904003913,973425652.2,-3.1,53471.7,82.6,1.4,41300,11700,215005000,18200,"2023-02-16T11:05:00.000Z",1676545500000,18250,18200,18250,58.3,41.7,0,0.8,0.6,,0.7,29600,70900,1530500,,1292445000,753725000,538720000,
49537,130000,2400435000,15426015000,13025580000,28451595000,904003913,973425652.2,2.6,53471.7,82.6,0.5,12000,-9900,-179580000,18250,"2023-02-16T11:10:00.000Z",1676545800000,18250,18200,18250,35.4,64.6,0,0.2,0.4,,1.8,21900,33900,1564400,,617580000,219000000,398580000,
49537,152200,2805975000,15973515000,13167540000,29141055000,904003913,973425652.2,-5.8,53471.7,82.6,3.8,30000,22200,405540000,18250,"2023-02-16T11:15:00.000Z",1676546100000,18250,18200,18200,79.4,20.6,0,0.6,0.1,,0.3,7800,37800,1602200,,689460000,547500000,141960000,
49537,182800,3364825000,16677965000,13313140000,29991105000,904003913,973425652.2,-8.1,53471.7,82.6,4.8,38600,30600,558850000,18200,"2023-02-16T11:20:00.000Z",1676546400000,18250,18200,18200,82.8,17.2,0,0.8,0.1,,0.2,8000,46600,1648800,,850050000,704450000,145600000,
49537,173200,3190360000,16771040000,13580680000,30351720000,904003913,973425652.2,2.5,53471.7,82.6,0.3,5100,-9600,-174465000,18200,"2023-02-16T11:25:00.000Z",1676546700000,18250,18200,18200,25.8,74.2,0,0.1,0.3,,2.9,14700,19800,1668600,,360615000,93075000,267540000,
49537,146500,2704700000,16873240000,14168540000,31041780000,904003913,973425652.2,7,53471.7,82.6,0.2,5600,-26700,-485660000,18250,"2023-02-16T13:00:00.000Z",1676552400000,18250,18200,18200,14.8,85.2,0,0.1,0.6,,5.8,32300,37900,1706500,,690060000,102200000,587860000,
49537,32000,621165000,17426555000,16805390000,34231945000,904003913,973425652.2,30,53471.7,82.6,0.2,30400,-114500,-2083535000,18150,"2023-02-16T13:05:00.000Z",1676552700000,18250,18150,18250,17.3,82.7,0,0.6,2.7,,4.8,144900,175300,1881800,,3190165000,553315000,2636850000,
49537,-25100,-415160000,17441115000,17856275000,35297390000,904003913,973425652.2,14.9,53471.7,82.6,0,800,-57100,-1036325000,18150,"2023-02-16T13:10:00.000Z",1676553000000,18200,18150,18150,1.4,98.6,0,0,1.1,,72.4,57900,58700,1940500,,1065445000,14560000,1050885000,
49537,15000,315000000,18294695000,17979695000,36274390000,904003913,973425652.2,-10.5,53471.7,82.6,6.9,46900,40100,730160000,18200,"2023-02-16T13:15:00.000Z",1676553300000,18200,18150,18150,87.3,12.7,0,0.9,0.1,,0.1,6800,53700,1994200,,977000000,853580000,123420000,
49537,27700,547800000,19130075000,18582275000,37712350000,904003913,973425652.2,-3.4,53471.7,82.6,1.4,45900,12700,232800000,18150,"2023-02-16T13:20:00.000Z",1676553600000,18200,18150,18150,58,42,0,0.9,0.6,,0.7,33200,79100,2073300,,1437960000,835380000,602580000,
49537,-12000,-172700000,19150095000,19322795000,38472890000,904003913,973425652.2,10.4,53471.7,82.6,0,1100,-39700,-720500000,18150,"2023-02-16T13:25:00.000Z",1676553900000,18200,18150,18150,2.6,97.4,0,0,0.8,,37.1,40800,41900,2115200,,760540000,20020000,740520000,
49537,-41700,-710885000,19466775000,20177660000,39644435000,904003913,973425652.2,7.8,53471.7,82.6,0.4,17400,-29700,-538185000,18150,"2023-02-16T13:30:00.000Z",1676554200000,18200,18150,18150,27,73,0,0.4,0.9,,2.7,47100,64500,2179700,,1171545000,316680000,854865000,
49537,28100,560455000,21168500000,20608045000,41776545000,904003913,973425652.2,-18.3,53471.7,82.6,3.9,93500,69800,1271340000,18150,"2023-02-16T13:35:00.000Z",1676554500000,18250,18150,18200,79.8,20.2,0,1.9,0.4,,0.3,23700,117200,2296900,,2132110000,1701725000,430385000,
49537,-77300,-1357240000,21382025000,22739265000,44121290000,904003913,973425652.2,27.6,53471.7,82.6,0.1,11700,-105400,-1917695000,18200,"2023-02-16T13:40:00.000Z",1676554800000,18250,18200,18200,9.1,90.9,0,0.2,2.2,,10,117100,128800,2425700,,2344745000,213525000,2131220000,
49537,-47300,-809010000,22195975000,23004985000,45200960000,904003913,973425652.2,-7.9,53471.7,82.6,3.1,44600,30000,548230000,18250,"2023-02-16T13:45:00.000Z",1676555100000,18250,18200,18200,75.3,24.7,0,0.9,0.3,,0.3,14600,59200,2484900,,1079670000,813950000,265720000,
49537,-52000,-893925000,22424100000,23318025000,45742125000,904003913,973425652.2,1.2,53471.7,82.6,0.7,12500,-4700,-84915000,18250,"2023-02-16T13:50:00.000Z",1676555400000,18250,18200,18200,42.1,57.9,0,0.3,0.3,,1.4,17200,29700,2514600,,541165000,228125000,313040000,
49537,-40900,-690200000,23046425000,23736625000,46783050000,904003913,973425652.2,-2.9,53471.7,82.6,1.5,34100,11100,203725000,18200,"2023-02-16T13:55:00.000Z",1676555700000,18250,18200,18250,59.7,40.3,0,0.7,0.4,,0.7,23000,57100,2571700,,1040925000,622325000,418600000,
49537,191500,3552110000,27656375000,24104265000,51760640000,904003913,973425652.2,-61.1,53471.7,82.6,12.5,252600,232400,4242310000,18250,"2023-02-16T14:00:00.000Z",1676556000000,18250,18200,18200,92.6,7.4,0,5.1,0.4,,0.1,20200,272800,2844500,,4977590000,4609950000,367640000,
49537,582700,10720445000,36145800000,25425355000,61571155000,904003913,973425652.2,-103.3,53471.7,82.6,6.4,463300,391200,7168335000,18350,"2023-02-16T14:05:00.000Z",1676556300000,18350,18250,18250,86.5,13.5,0,9.4,1.3,,0.2,72100,535400,3379900,,9810515000,8489425000,1321090000,
49537,512500,9436495000,36679040000,27242545000,63921585000,904003913,973425652.2,18.5,53471.7,82.6,0.3,29100,-70200,-1283950000,18300,"2023-02-16T14:10:00.000Z",1676556600000,18350,18300,18350,22.7,77.3,0,0.6,1.9,,3.4,99300,128400,3508300,,2350430000,533240000,1817190000,
49537,570900,10506100000,38071670000,27565570000,65637240000,904003913,973425652.2,-15.4,53471.7,82.6,4.3,76100,58400,1069605000,18300,"2023-02-16T14:15:00.000Z",1676556900000,18300,18250,18250,81.1,18.9,0,1.5,0.3,,0.2,17700,93800,3602100,,1715655000,1392630000,323025000,
49537,329300,6108130000,39403515000,33295385000,72698900000,904003913,973425652.2,63.4,53471.7,82.6,0.2,72800,-241600,-4397970000,18200,"2023-02-16T14:20:00.000Z",1676557200000,18300,18200,18300,18.8,81.2,0,1.5,5.9,,4.3,314400,387200,3989300,,7061660000,1331845000,5729815000,
49537,209200,3927750000,41584180000,37656430000,79309960000,904003913,973425652.2,31.4,53471.7,82.6,0.5,119400,-120100,-2180380000,18250,"2023-02-16T14:25:00.000Z",1676557500000,18300,18200,18300,32.9,66,1,2.4,4.5,46,2,239500,362700,4352000,3800,6611060000,2180665000,4361045000,69350000
49537,-181000,-3193400000,41584180000,44777580000,86431110000,904003913,973425652.2,102.6,53471.7,82.6,0,,-390200,-7121150000,18250,"2023-02-16T14:45:00.000Z",1676558700000,18250,18250,18250,0,100,0,,7.3,,Infinity,390200,390200,4742200,,7121150000,,7121150000,
