"abu","acum_busd","acum_busd_val","acum_val_bu","acum_val_sd","acum_val","avg_val_bu","avg_val_sd","rbusd","asd","auk","bs","bu","bu-sd","bu-sd_val","c","date","datetime","h","l","o","pbu","psd","puk","rbu","rsd","ruk","sb","sd","sum_vol","total_vol","uk","val","val_bu","val_sd","val_uk"
48784.8,28600,759420000,1471275000,711855000,2183130000,1298557282.6,1056745652.2,3.1,39923.9,7313,2.1,55500,28600,759420000,26500,"2023-02-16T09:15:00.000Z",1676538900000,26550,26400,26500,67.4,32.6,0,1.1,0.7,,0.5,26900,82400,82400,,2183130000,1471275000,711855000,
48784.8,64800,1720645000,3667000000,1946355000,5613355000,1298557282.6,1056745652.2,4,39923.9,7313,1.8,82800,36200,961225000,26500,"2023-02-16T09:20:00.000Z",1676539200000,26550,26450,26450,64,36,0,1.7,1.2,,0.6,46600,129400,211800,,3430225000,2195725000,1234500000,
48784.8,50600,1345410000,4204345000,2858935000,7063280000,1298557282.6,1056745652.2,-1.6,39923.9,7313,0.6,20300,-14200,-375235000,26450,"2023-02-16T09:25:00.000Z",1676539500000,26500,26400,26500,37,63,0,0.4,0.9,,1.7,34500,54800,266600,,1449925000,537345000,912580000,
48784.8,36800,981320000,4326015000,3344695000,7670710000,1298557282.6,1056745652.2,-1.5,39923.9,7313,0.3,4600,-13800,-364090000,26400,"2023-02-16T09:30:00.000Z",1676539800000,26450,26400,26400,20,80,0,0.1,0.5,,4,18400,23000,289600,,607430000,121670000,485760000,
48784.8,54400,1446890000,5042810000,3595920000,8638730000,1298557282.6,1056745652.2,1.9,39923.9,7313,2.9,27100,17600,465570000,26450,"2023-02-16T09:35:00.000Z",1676540100000,26450,26400,26450,74,26,0,0.6,0.2,,0.4,9500,36600,326200,,968020000,716795000,251225000,
48784.8,42700,1139955000,5901845000,4761890000,10663735000,1298557282.6,1056745652.2,-1.3,39923.9,7313,0.7,32500,-11700,-306935000,26400,"2023-02-16T09:40:00.000Z",1676540400000,26450,26350,26450,42.4,57.6,0,0.7,1.1,,1.4,44200,76700,402900,,2025005000,859035000,1165970000,
48784.8,14500,397220000,5946725000,5549505000,11496230000,1298557282.6,1056745652.2,-3.1,39923.9,7313,0.1,1700,-28200,-742735000,26300,"2023-02-16T09:45:00.000Z",1676540700000,26400,26300,26400,5.4,94.6,0,0,0.7,,17.6,29900,31600,434500,,832495000,44880000,787615000,
48784.8,9700,272765000,6652450000,6379685000,13032135000,1298557282.6,1056745652.2,-0.5,39923.9,7313,0.8,26800,-4800,-124455000,26400,"2023-02-16T09:50:00.000Z",1676541000000,26400,26250,26300,45.9,54.1,0,0.5,0.8,,1.2,31600,58400,492900,,1535905000,705725000,830180000,
48784.8,-24300,-622920000,6950020000,7572940000,14522960000,1298557282.6,1056745652.2,-3.7,39923.9,7313,0.2,11300,-34000,-895685000,26350,"2023-02-16T09:55:00.000Z",1676541300000,26400,26300,26350,20,80,0,0.2,1.1,,4,45300,56600,549500,,1490825000,297570000,1193255000,
48784.8,25000,681310000,9114580000,8433270000,17547850000,1298557282.6,1056745652.2,5.4,39923.9,7313,2.5,82000,49300,1304230000,26450,"2023-02-16T10:00:00.000Z",1676541600000,26450,26300,26300,71.5,28.5,0,1.7,0.8,,0.4,32700,114700,664200,,3024890000,2164560000,860330000,
48784.8,257300,6883410000,16044310000,9160900000,25205210000,1298557282.6,1056745652.2,25.6,39923.9,7313,9.5,259700,232300,6202100000,26850,"2023-02-16T10:05:00.000Z",1676541900000,26850,26450,26450,90.5,9.5,0,5.3,0.7,,0.1,27400,287100,951300,,7657360000,6929730000,727630000,
48784.8,343200,9189605000,18796305000,9606700000,28405690000,1298557282.6,1056745652.2,9.5,39923.9,7313,6.2,102500,85900,2306195000,26800,"2023-02-16T10:10:00.000Z",1676542200000,26900,26800,26850,86,13.9,0.1,2.1,0.4,0,0.2,16600,119200,1070500,100,3200480000,2751995000,445800000,2685000
48784.8,334800,8966740000,19779305000,10812565000,30594555000,1298557282.6,1056745652.2,-0.9,39923.9,7313,0.8,36700,-8400,-222865000,26750,"2023-02-16T10:15:00.000Z",1676542500000,26800,26700,26800,44.9,55.1,0,0.8,1.1,,1.2,45100,81800,1152300,,2188865000,983000000,1205865000,
48784.8,293100,7852825000,20014705000,12161880000,32179270000,1298557282.6,1056745652.2,-4.6,39923.9,7313,0.2,8800,-41700,-1113915000,26700,"2023-02-16T10:20:00.000Z",1676542800000,26750,26700,26700,14.8,85.2,0,0.2,1.3,,5.7,50500,59300,1211600,,1584715000,235400000,1349315000,
48784.8,270300,7245715000,20142460000,12896745000,33041890000,1298557282.6,1056745652.2,-2.5,39923.9,7313,0.2,4800,-22800,-607110000,26600,"2023-02-16T10:25:00.000Z",1676543100000,26700,26600,26700,14.8,85.2,0,0.1,0.7,,5.8,27600,32400,1244000,,862620000,127755000,734865000,
48784.8,269300,7219310000,20528340000,13309030000,33840055000,1298557282.6,1056745652.2,-0.1,39923.9,7313,0.9,14500,-1000,-26405000,26650,"2023-02-16T10:30:00.000Z",1676543400000,26650,26550,26600,48.3,51.7,0,0.3,0.4,,1.1,15500,30000,1274000,,798165000,385880000,412285000,
48784.8,272800,7313440000,21077330000,13763890000,34843905000,1298557282.6,1056745652.2,0.4,39923.9,7313,1.2,20600,3500,94130000,26650,"2023-02-16T10:35:00.000Z",1676543700000,26650,26600,26650,54.6,45.4,0,0.4,0.4,,0.8,17100,37700,1311700,,1003850000,548990000,454860000,
48784.8,311300,8340625000,22192570000,13851945000,36047200000,1298557282.6,1056745652.2,4.2,39923.9,7313,12.7,41800,38500,1027185000,26700,"2023-02-16T10:40:00.000Z",1676544000000,26700,26600,26650,92.7,7.3,0,0.9,0.1,,0.1,3300,45100,1356800,,1203295000,1115240000,88055000,
48784.8,309700,8298010000,22550130000,14252120000,36804935000,1298557282.6,1056745652.2,-0.2,39923.9,7313,0.9,13400,-1600,-42615000,26650,"2023-02-16T10:45:00.000Z",1676544300000,26750,26600,26750,47.2,52.8,0,0.3,0.4,,1.1,15000,28400,1385200,,757735000,357560000,400175000,
48784.8,275200,7380225000,22558135000,15177910000,37738730000,1298557282.6,1056745652.2,-3.8,39923.9,7313,0,300,-34500,-917785000,26600,"2023-02-16T10:50:00.000Z",1676544600000,26700,26600,26700,0.9,99.1,0,0,0.9,,116,34800,35100,1420300,,933795000,8005000,925790000,
48784.8,292200,7832640000,23124715000,15292075000,38419475000,1298557282.6,1056745652.2,1.9,39923.9,7313,5,21300,17000,452415000,26600,"2023-02-16T10:55:00.000Z",1676544900000,26600,26550,26600,83.2,16.8,0,0.4,0.1,,0.2,4300,25600,1445900,,680745000,566580000,114165000,
48784.8,284700,7633520000,23127375000,15493855000,38623915000,1298557282.6,1056745652.2,-0.8,39923.9,7313,0,100,-7500,-199120000,26550,"2023-02-16T11:00:00.000Z",1676545200000,26600,26550,26550,1.3,98.7,0,0,0.2,,76,7600,7700,1453600,,204440000,2660000,201780000,
48784.8,259100,6954120000,23302885000,16348765000,39654335000,1298557282.6,1056745652.2,-2.8,39923.9,7313,0.2,6600,-25600,-679400000,26550,"2023-02-16T11:05:00.000Z",1676545500000,26600,26550,26550,17,83,0,0.1,0.8,,4.9,32200,38800,1492400,,1030420000,175510000,854910000,
48784.8,216700,5831040000,23579005000,17747965000,41329655000,1298557282.6,1056745652.2,-4.6,39923.9,7313,0.2,10400,-42400,-1123080000,26500,"2023-02-16T11:10:00.000Z",1676545800000,26550,26500,26500,16.5,83.5,0,0.2,1.3,,5.1,52800,63200,1555600,,1675320000,276120000,1399200000,
48784.8,179200,4838840000,24404705000,19565865000,43973255000,1298557282.6,1056745652.2,-4.1,39923.9,7313,0.5,31100,-37500,-992200000,26500,"2023-02-16T11:15:00.000Z",1676546100000,26550,26500,26550,31.2,68.8,0,0.6,1.7,,2.2,68600,99700,1655300,,2643600000,825700000,1817900000,
48784.8,138500,3762565000,24531905000,20769340000,45303930000,1298557282.6,1056745652.2,-4.5,39923.9,7313,0.1,4800,-40700,-1076275000,26450,"2023-02-16T11:20:00.000Z",1676546400000,26500,26450,26500,9.5,90.5,0,0.1,1.1,,9.5,45500,50300,1705600,,1330675000,127200000,1203475000,
48784.8,70600,1968030000,24537195000,22569165000,47109045000,1298557282.6,1056745652.2,-7.4,39923.9,7313,0,200,-67900,-1794535000,26400,"2023-02-16T11:25:00.000Z",1676546700000,26450,26400,26450,0.3,99.7,0,0,1.7,,340.5,68100,68300,1773900,,1805115000,5290000,1799825000,
48784.8,13900,477040000,24816750000,24339710000,49778370000,1298557282.6,1056745652.2,-6.2,39923.9,7313,0.2,10600,-56700,-1490990000,26350,"2023-02-16T13:00:00.000Z",1676552400000,26400,26300,26300,10.5,66.4,23.2,0.2,1.7,3.2,6.3,67300,101400,1875300,23500,2669325000,279555000,1770545000,619225000
48784.8,-123700,-3127710000,25445175000,28572885000,54639970000,1298557282.6,1056745652.2,-14.9,39923.9,7313,0.1,23900,-137600,-3604750000,26350,"2023-02-16T13:05:00.000Z",1676552700000,26350,26150,26350,12.9,87.1,0,0.5,4,,6.8,161500,185400,2060700,,4861600000,628425000,4233175000,
48784.8,-203900,-5232650000,26213305000,31445955000,58281170000,1298557282.6,1056745652.2,-8.7,39923.9,7313,0.3,29200,-80200,-2104940000,26300,"2023-02-16T13:10:00.000Z",1676553000000,26400,26200,26400,21.1,78.9,0,0.6,2.7,,3.7,109400,138600,2199300,,3641200000,768130000,2873070000,
48784.8,-196600,-5040175000,27648185000,32688360000,60958455000,1298557282.6,1056745652.2,0.8,39923.9,7313,1.2,54400,7300,192475000,26350,"2023-02-16T13:15:00.000Z",1676553300000,26450,26250,26250,53.6,46.4,0,1.1,1.2,,0.9,47100,101500,2300800,,2677285000,1434880000,1242405000,
48784.8,-241300,-6215705000,28658110000,34873815000,64153835000,1298557282.6,1056745652.2,-4.9,39923.9,7313,0.5,38300,-44700,-1175530000,26300,"2023-02-16T13:20:00.000Z",1676553600000,26450,26300,26350,31.6,68.4,0,0.8,2.1,,2.2,83000,121300,2422100,,3195380000,1009925000,2185455000,
48784.8,-272800,-7045905000,29385110000,36431015000,66438035000,1298557282.6,1056745652.2,-3.4,39923.9,7313,0.5,27600,-31500,-830200000,26350,"2023-02-16T13:25:00.000Z",1676553900000,26350,26300,26300,31.8,68.2,0,0.6,1.5,,2.1,59100,86700,2508800,,2284200000,727000000,1557200000,
48784.8,-261300,-6743155000,31590665000,38333820000,70559545000,1298557282.6,1056745652.2,1.3,39923.9,7313,1.2,83800,11500,302750000,26300,"2023-02-16T13:30:00.000Z",1676554200000,26400,26300,26350,53.5,46.2,0.3,1.7,1.8,0.1,0.9,72300,156600,2665400,500,4121510000,2205555000,1902805000,13150000
48784.8,-143400,-3628500000,34879505000,38508005000,74022570000,1298557282.6,1056745652.2,12.9,39923.9,7313,18.9,124500,117900,3114655000,26450,"2023-02-16T13:35:00.000Z",1676554500000,26450,26350,26350,95,5,0,2.6,0.2,,0.1,6600,131100,2796500,,3463025000,3288840000,174185000,
48784.8,-1400,143520000,39124010000,38980490000,78739560000,1298557282.6,1056745652.2,15.6,39923.9,7313,9,159800,142000,3772020000,26600,"2023-02-16T13:40:00.000Z",1676554800000,26650,26450,26450,90,10,0,3.3,0.4,,0.1,17800,177600,2974100,,4716990000,4244505000,472485000,
48784.8,-4800,54280000,39763445000,39709165000,80136875000,1298557282.6,1056745652.2,-0.4,39923.9,7313,0.9,24100,-3400,-89240000,26550,"2023-02-16T13:45:00.000Z",1676555100000,26600,26450,26600,45.7,52.2,2.1,0.5,0.7,0.2,1.1,27500,52700,3026800,1100,1397315000,639435000,728675000,29205000
48784.8,-17000,-268280000,40715285000,40983565000,82363115000,1298557282.6,1056745652.2,-1.3,39923.9,7313,0.7,35800,-12200,-322560000,26550,"2023-02-16T13:50:00.000Z",1676555400000,26600,26550,26600,42.7,57.3,0,0.7,1.2,,1.3,48000,83800,3110600,,2226240000,951840000,1274400000,
48784.8,-53300,-1230025000,41070590000,42300615000,84035470000,1298557282.6,1056745652.2,-4,39923.9,7313,0.3,13400,-36300,-961745000,26500,"2023-02-16T13:55:00.000Z",1676555700000,26550,26500,26550,21.2,78.8,0,0.3,1.2,,3.7,49700,63100,3173700,,1672355000,355305000,1317050000,
48784.8,55600,1666415000,44155270000,42488855000,87308390000,1298557282.6,1056745652.2,12,39923.9,7313,16.3,116000,108900,2896440000,26650,"2023-02-16T14:00:00.000Z",1676556000000,26650,26450,26500,94.2,5.8,0,2.4,0.2,,0.1,7100,123100,3296800,,3272920000,3084680000,188240000,
48784.8,196600,5440445000,48571480000,43131035000,92366780000,1298557282.6,1056745652.2,15.6,39923.9,7313,6.9,165000,141000,3774030000,26750,"2023-02-16T14:05:00.000Z",1676556300000,26850,26650,26650,87.3,12.7,0,3.4,0.6,,0.1,24000,189000,3485800,,5058390000,4416210000,642180000,
48784.8,160600,4478940000,49025815000,44546875000,94236955000,1298557282.6,1056745652.2,-4,39923.9,7313,0.3,17000,-36000,-961505000,26650,"2023-02-16T14:10:00.000Z",1676556600000,26800,26650,26800,24.3,75.7,0,0.3,1.3,,3.1,53000,70000,3555800,,1870175000,454335000,1415840000,
48784.8,163400,4556635000,49970040000,45413405000,96047710000,1298557282.6,1056745652.2,0.3,39923.9,7313,1.1,35400,2800,77695000,26750,"2023-02-16T14:15:00.000Z",1676556900000,26750,26500,26700,52.1,47.9,0,0.7,0.8,,0.9,32600,68000,3623800,,1810755000,944225000,866530000,
48784.8,266700,7326900000,53937650000,46610750000,101212665000,1298557282.6,1056745652.2,11.5,39923.9,7313,3.3,147900,103300,2770265000,26850,"2023-02-16T14:20:00.000Z",1676557200000,26900,26700,26700,76.8,23.2,0,3,1.1,,0.3,44600,192500,3816300,,5164955000,3967610000,1197345000,
48784.8,407600,11123335000,59733635000,48610300000,109008200000,1298557282.6,1056745652.2,15.7,39923.9,7313,2.9,215200,140900,3796435000,26900,"2023-02-16T14:25:00.000Z",1676557500000,27000,26850,26850,74.3,25.7,0,4.4,1.9,,0.3,74300,289500,4105800,,7795535000,5795985000,1999550000,
48784.8,407600,11123335000,59733635000,48610300000,117410600000,1298557282.6,1056745652.2,0,39923.9,7313,NaN,,0,0,27000,"2023-02-16T14:45:00.000Z",1676558700000,27000,27000,27000,0,0,100,,,42.6,NaN,,311200,4417000,311200,8402400000,,,8402400000
