"abu","acum_busd","acum_busd_val","acum_val_bu","acum_val_sd","acum_val","avg_val_bu","avg_val_sd","rbusd","asd","auk","bs","bu","bu-sd","bu-sd_val","c","date","datetime","h","l","o","pbu","psd","puk","rbu","rsd","ruk","sb","sd","sum_vol","total_vol","uk","val","val_bu","val_sd","val_uk"
82110.9,-177300,-4334465000,1817245000,6151710000,7968955000,1997468587,2184873369.6,23.1,90297.8,15965.2,0.3,74200,-177300,-4334465000,24350,"2023-02-23T09:15:00.000Z",1677143700000,24600,24300,24500,22.8,77.2,0,0.9,2.8,,3.4,251500,325700,325700,,7968955000,1817245000,6151710000,
82110.9,-167400,-4092770000,3312605000,7405375000,10717980000,1997468587,2184873369.6,-1.3,90297.8,15965.2,1.2,61400,9900,241695000,24350,"2023-02-23T09:20:00.000Z",1677144000000,24400,24250,24350,54.4,45.6,0,0.7,0.6,,0.8,51500,112900,438600,,2749025000,1495360000,1253665000,
82110.9,-252300,-6148310000,5441820000,11590130000,17031950000,1997468587,2184873369.6,11,90297.8,15965.2,0.5,87500,-84900,-2055540000,24450,"2023-02-23T09:25:00.000Z",1677144300000,24450,24200,24350,33.7,66.3,0,1.1,1.9,,2,172400,259900,698500,,6313970000,2129215000,4184755000,
82110.9,-279900,-6821790000,6371495000,13193285000,19564780000,1997468587,2184873369.6,3.6,90297.8,15965.2,0.6,38000,-27600,-673480000,24450,"2023-02-23T09:30:00.000Z",1677144600000,24500,24400,24450,36.7,63.3,0,0.5,0.7,,1.7,65600,103600,802100,,2532830000,929675000,1603155000,
82110.9,-350500,-8545050000,6547355000,15092405000,21639760000,1997468587,2184873369.6,9.2,90297.8,15965.2,0.1,7200,-70600,-1723260000,24400,"2023-02-23T09:35:00.000Z",1677144900000,24450,24400,24450,8.5,91.5,0,0.1,0.9,,10.8,77800,85000,887100,,2074980000,175860000,1899120000,
82110.9,-354400,-8638605000,7148405000,15787010000,22935415000,1997468587,2184873369.6,0.5,90297.8,15965.2,0.9,24600,-3900,-93555000,24400,"2023-02-23T09:40:00.000Z",1677145200000,24450,24350,24450,46.3,53.7,0,0.3,0.3,,1.2,28500,53100,940200,,1295655000,601050000,694605000,
82110.9,-191100,-4640210000,11405460000,16045670000,27451130000,1997468587,2184873369.6,-21.3,90297.8,15965.2,16.4,173900,163300,3998395000,24500,"2023-02-23T09:45:00.000Z",1677145500000,24500,24400,24400,94.3,5.7,0,2.1,0.1,,0.1,10600,184500,1124700,,4515715000,4257055000,258660000,
82110.9,-35500,-820815000,16439240000,17260055000,33699295000,1997468587,2184873369.6,-20.4,90297.8,15965.2,4.2,204900,155600,3819395000,24650,"2023-02-23T09:50:00.000Z",1677145800000,24700,24500,24500,80.6,19.4,0,2.5,0.5,,0.2,49300,254200,1378900,,6248165000,5033780000,1214385000,
82110.9,-27100,-610765000,18059290000,18670055000,36729345000,1997468587,2184873369.6,-1.1,90297.8,15965.2,1.1,65800,8400,210050000,24550,"2023-02-23T09:55:00.000Z",1677146100000,24700,24550,24700,53.4,46.6,0,0.8,0.6,,0.9,57400,123200,1502100,,3030050000,1620050000,1410000000,
82110.9,-103200,-2478385000,18326395000,20804780000,39131175000,1997468587,2184873369.6,10,90297.8,15965.2,0.1,10900,-76100,-1867620000,24450,"2023-02-23T10:00:00.000Z",1677146400000,24550,24450,24550,11.1,88.9,0,0.1,1,,8,87000,97900,1600000,,2401830000,267105000,2134725000,
82110.9,-108600,-2610190000,18673745000,21283935000,39957680000,1997468587,2184873369.6,0.7,90297.8,15965.2,0.7,14200,-5400,-131805000,24400,"2023-02-23T10:05:00.000Z",1677146700000,24500,24400,24450,42,58,0,0.2,0.2,,1.4,19600,33800,1633800,,826505000,347350000,479155000,
82110.9,-262400,-6352615000,18841785000,25194400000,44036185000,1997468587,2184873369.6,20,90297.8,15965.2,0,6900,-153800,-3742425000,24300,"2023-02-23T10:10:00.000Z",1677147000000,24400,24300,24400,4.1,95.9,0,0.1,1.8,,23.3,160700,167600,1801400,,4078505000,168040000,3910465000,
82110.9,-336500,-8151245000,19012235000,27163480000,46175715000,1997468587,2184873369.6,9.6,90297.8,15965.2,0.1,7000,-74100,-1798630000,24250,"2023-02-23T10:15:00.000Z",1677147300000,24350,24250,24300,7.9,92.1,0,0.1,0.9,,11.6,81100,88100,1889500,,2139530000,170450000,1969080000,
82110.9,-381700,-9245910000,19662605000,28908515000,48571120000,1997468587,2184873369.6,5.8,90297.8,15965.2,0.4,26800,-45200,-1094665000,24300,"2023-02-23T10:20:00.000Z",1677147600000,24300,24200,24250,27.1,72.9,0,0.3,0.8,,2.7,72000,98800,1988300,,2395405000,650370000,1745035000,
82110.9,-355800,-8614540000,20622765000,29237305000,49860070000,1997468587,2184873369.6,-3.4,90297.8,15965.2,2.9,39400,25900,631370000,24350,"2023-02-23T10:25:00.000Z",1677147900000,24400,24300,24300,74.5,25.5,0,0.5,0.1,,0.3,13500,52900,2041200,,1288950000,960160000,328790000,
82110.9,-320200,-7745080000,21572870000,29317950000,50890820000,1997468587,2184873369.6,-4.6,90297.8,15965.2,11.8,38900,35600,869460000,24450,"2023-02-23T10:30:00.000Z",1677148200000,24500,24400,24400,92.2,7.8,0,0.5,0,,0.1,3300,42200,2083400,,1030750000,950105000,80645000,
82110.9,-274100,-6614595000,23221200000,29835795000,53056995000,1997468587,2184873369.6,-6,90297.8,15965.2,3.2,67200,46100,1130485000,24550,"2023-02-23T10:35:00.000Z",1677148500000,24600,24500,24500,76.1,23.9,0,0.8,0.2,,0.3,21100,88300,2171700,,2166175000,1648330000,517845000,
82110.9,-301500,-7285725000,23245750000,30531475000,53777225000,1997468587,2184873369.6,3.6,90297.8,15965.2,0,1000,-27400,-671130000,24400,"2023-02-23T10:40:00.000Z",1677148800000,24550,24400,24550,3.4,96.6,0,0,0.3,,28.4,28400,29400,2201100,,720230000,24550000,695680000,
82110.9,-362900,-8783330000,23248190000,32031520000,55279710000,1997468587,2184873369.6,8,90297.8,15965.2,0,100,-61400,-1497605000,24350,"2023-02-23T10:45:00.000Z",1677149100000,24400,24350,24400,0.2,99.8,0,0,0.7,,615,61500,61600,2262700,,1502485000,2440000,1500045000,
82110.9,-426000,-10319610000,23705985000,34025595000,57731580000,1997468587,2184873369.6,8.2,90297.8,15965.2,0.2,18800,-63100,-1536280000,24300,"2023-02-23T10:50:00.000Z",1677149400000,24400,24300,24350,18.7,81.3,0,0.2,0.9,,4.4,81900,100700,2363400,,2451870000,457795000,1994075000,
82110.9,-458100,-11096585000,25589250000,36685835000,62275085000,1997468587,2184873369.6,4.1,90297.8,15965.2,0.7,77400,-32100,-776975000,24300,"2023-02-23T10:55:00.000Z",1677149700000,24350,24250,24350,41.4,58.6,0,0.9,1.2,,1.4,109500,186900,2550300,,4543505000,1883265000,2660240000,
82110.9,-407200,-9856255000,27031700000,36887955000,63919655000,1997468587,2184873369.6,-6.6,90297.8,15965.2,7.1,59200,50900,1240330000,24400,"2023-02-23T11:00:00.000Z",1677150000000,24400,24350,24350,87.7,12.3,0,0.7,0.1,,0.1,8300,67500,2617800,,1644570000,1442450000,202120000,
82110.9,-382900,-9260090000,29027800000,38287890000,67315690000,1997468587,2184873369.6,-3.2,90297.8,15965.2,1.4,81500,24300,596165000,24450,"2023-02-23T11:05:00.000Z",1677150300000,24500,24400,24400,58.8,41.2,0,1,0.6,,0.7,57200,138700,2756500,,3396035000,1996100000,1399935000,
82110.9,-365300,-8829425000,29641545000,38470970000,68112515000,1997468587,2184873369.6,-2.3,90297.8,15965.2,3.3,25100,17600,430665000,24500,"2023-02-23T11:10:00.000Z",1677150600000,24500,24400,24450,77,23,0,0.3,0.1,,0.3,7500,32600,2789100,,796825000,613745000,183080000,
82110.9,-338100,-8162420000,30761395000,38923815000,69685210000,1997468587,2184873369.6,-3.6,90297.8,15965.2,2.5,45700,27200,667005000,24450,"2023-02-23T11:15:00.000Z",1677150900000,24550,24450,24450,71.2,28.8,0,0.6,0.2,,0.4,18500,64200,2853300,,1572695000,1119850000,452845000,
82110.9,-377600,-9128170000,31049930000,40178100000,71228030000,1997468587,2184873369.6,5.2,90297.8,15965.2,0.2,11800,-39500,-965750000,24450,"2023-02-23T11:20:00.000Z",1677151200000,24500,24450,24450,18.7,81.3,0,0.1,0.6,,4.3,51300,63100,2916400,,1542820000,288535000,1254285000,
82110.9,-392800,-9498290000,31220545000,40718835000,71939380000,1997468587,2184873369.6,2,90297.8,15965.2,0.3,7000,-15200,-370120000,24400,"2023-02-23T11:25:00.000Z",1677151500000,24450,24350,24400,24,76,0,0.1,0.2,,3.2,22200,29200,2945600,,711350000,170615000,540735000,
82110.9,-163600,-3939350000,44363015000,48302365000,94037295000,1997468587,2184873369.6,-29.7,90297.8,15965.2,1.7,544600,229200,5558940000,24150,"2023-02-23T13:00:00.000Z",1677157200000,24400,23800,24350,59.4,34.4,6.2,6.6,3.5,3.6,0.6,315400,916800,3862400,56800,22097915000,13142470000,7583530000,1371915000
82110.9,-210500,-5072620000,45851370000,50923990000,98147275000,1997468587,2184873369.6,6,90297.8,15965.2,0.6,61400,-46900,-1133270000,24150,"2023-02-23T13:05:00.000Z",1677157500000,24350,24150,24150,36.2,63.8,0,0.7,1.2,,1.8,108300,169700,4032100,,4109980000,1488355000,2621625000,
82110.9,-160200,-3847350000,49312150000,53159500000,103843565000,1997468587,2184873369.6,-6.5,90297.8,15965.2,1.5,141900,50300,1225270000,24400,"2023-02-23T13:10:00.000Z",1677157800000,24500,24150,24150,60.8,39.2,0,1.7,1,,0.6,91600,233500,4265600,,5696290000,3460780000,2235510000,
82110.9,-134700,-3224900000,50205190000,53430090000,105007195000,1997468587,2184873369.6,-3.3,90297.8,15965.2,3.3,36600,25500,622450000,24400,"2023-02-23T13:15:00.000Z",1677158100000,24400,24350,24400,76.7,23.3,0,0.4,0.1,,0.3,11100,47700,4313300,,1163630000,893040000,270590000,
82110.9,-127000,-3036875000,51315030000,54351905000,107038850000,1997468587,2184873369.6,-1,90297.8,15965.2,1.2,45600,7700,188025000,24350,"2023-02-23T13:20:00.000Z",1677158400000,24350,24300,24350,54.6,45.4,0,0.6,0.4,,0.8,37900,83500,4396800,,2031655000,1109840000,921815000,
82110.9,-177300,-4257945000,51869800000,56127745000,109369460000,1997468587,2184873369.6,6.5,90297.8,15965.2,0.3,22800,-50300,-1221070000,24250,"2023-02-23T13:25:00.000Z",1677158700000,24350,24250,24350,23.8,76.2,0,0.3,0.8,,3.2,73100,95900,4492700,,2330610000,554770000,1775840000,
82110.9,-185900,-4460985000,54131715000,58592700000,114096330000,1997468587,2184873369.6,1.1,90297.8,15965.2,0.9,93300,-8600,-203040000,24300,"2023-02-23T13:30:00.000Z",1677159000000,24300,24150,24200,47.8,52.2,0,1.1,1.1,,1.1,101900,195200,4687900,,4726870000,2261915000,2464955000,
82110.9,-156300,-3742910000,55271745000,59014655000,115658315000,1997468587,2184873369.6,-3.8,90297.8,15965.2,2.7,47000,29600,718075000,24250,"2023-02-23T13:35:00.000Z",1677159300000,24300,24250,24300,73,27,0,0.6,0.2,,0.4,17400,64400,4752300,,1561985000,1140030000,421955000,
82110.9,-422400,-10172730000,55996855000,66169585000,123538355000,1997468587,2184873369.6,34.3,90297.8,15965.2,0.1,30100,-266100,-6429820000,24050,"2023-02-23T13:40:00.000Z",1677159600000,24250,24000,24250,9.2,90.8,0,0.4,3.3,,9.8,296200,326300,5078600,,7880040000,725110000,7154930000,
82110.9,-374400,-9009445000,60024410000,69033855000,130463850000,1997468587,2184873369.6,-6.2,90297.8,15965.2,1.4,167300,48000,1163285000,24250,"2023-02-23T13:45:00.000Z",1677159900000,24250,23950,24050,58.1,41.4,0.5,2,1.3,0.1,0.7,119300,288000,5366600,1400,6925495000,4027555000,2864270000,33670000
82110.9,-397600,-9568775000,61105275000,70674050000,133184910000,1997468587,2184873369.6,3,90297.8,15965.2,0.7,44600,-23200,-559330000,24150,"2023-02-23T13:50:00.000Z",1677160200000,24250,24150,24250,39.7,60.3,0,0.5,0.8,,1.5,67800,112400,5479000,,2721060000,1080865000,1640195000,
82110.9,-492100,-11838745000,61522170000,73360915000,136288670000,1997468587,2184873369.6,12.1,90297.8,15965.2,0.2,17300,-94500,-2269970000,24000,"2023-02-23T13:55:00.000Z",1677160500000,24150,24000,24150,13.4,86.6,0,0.2,1.2,,6.5,111800,129100,5608100,,3103760000,416895000,2686865000,
82110.9,-957500,-22893165000,63868100000,86761265000,152162875000,1997468587,2184873369.6,59,90297.8,15965.2,0.2,98900,-465400,-11054420000,23800,"2023-02-23T14:00:00.000Z",1677160800000,23950,23550,23950,14.8,84.4,0.8,1.2,6.2,0.3,5.7,564300,668600,6276700,5400,15874205000,2345930000,13400350000,127925000
82110.9,-837100,-20004250000,68425395000,88429645000,158388550000,1997468587,2184873369.6,-15.4,90297.8,15965.2,2.7,190200,120400,2888915000,24000,"2023-02-23T14:05:00.000Z",1677161100000,24000,23700,23750,73.2,26.8,0,2.3,0.8,,0.4,69800,260000,6536700,,6225675000,4557295000,1668380000,
82110.9,-973600,-23262405000,69896050000,93158455000,164588015000,1997468587,2184873369.6,17.4,90297.8,15965.2,0.3,61200,-136500,-3258155000,23800,"2023-02-23T14:10:00.000Z",1677161400000,24100,23800,24050,23.6,76.4,0,0.7,2.2,,3.2,197700,258900,6795600,,6199465000,1470655000,4728810000,
82110.9,-882800,-21093840000,73440365000,94534205000,169646410000,1997468587,2184873369.6,-11.6,90297.8,15965.2,2.6,148600,90800,2168565000,23900,"2023-02-23T14:15:00.000Z",1677161700000,23950,23750,23800,70,27.2,2.7,1.8,0.6,0.4,0.4,57800,212200,7007800,5800,5058395000,3544315000,1375750000,138330000
82110.9,-658900,-15651295000,80771320000,96422615000,178968675000,1997468587,2184873369.6,-29,90297.8,15965.2,3.9,301700,223900,5442545000,24500,"2023-02-23T14:20:00.000Z",1677162000000,24500,23900,23900,78.6,20.3,1.1,3.7,0.9,0.3,0.3,77800,383700,7391500,4200,9322265000,7330955000,1888410000,102900000
82110.9,-376600,-8620620000,91883555000,100504175000,194524975000,1997468587,2184873369.6,-37.5,90297.8,15965.2,2.7,447600,282300,7030675000,24850,"2023-02-23T14:25:00.000Z",1677162300000,25000,24500,24550,71.3,26.3,2.3,5.5,1.8,0.9,0.4,165300,627600,8019100,14700,15556300000,11112235000,4081560000,362505000
82110.9,-376600,-8620620000,91883555000,100504175000,210709780000,1997468587,2184873369.6,0,90297.8,15965.2,NaN,,0,0,25050,"2023-02-23T14:45:00.000Z",1677163500000,25050,25050,25050,0,0,100,,,40.5,NaN,,646100,8665200,646100,16184805000,,,16184805000
