"abu","acum_busd","acum_busd_val","acum_val_bu","acum_val_sd","acum_val","avg_val_bu","avg_val_sd","rbusd","asd","auk","bs","bu","bu-sd","bu-sd_val","c","date","datetime","h","l","o","pbu","psd","puk","rbu","rsd","ruk","sb","sd","sum_vol","total_vol","uk","val","val_bu","val_sd","val_uk"
203693.6,-68800,-1026590000,7288800000,8315390000,21711210000,3065625319.1,3847768510.6,1.3,257272.3,47246.8,0.9,479400,-68800,-1026590000,15200,"2023-02-23T09:15:00.000Z",1677143700000,15300,15100,15150,33.5,38.3,28.2,2.4,2.1,8.5,1.1,548200,1430700,1430700,403100,21711210000,7288800000,8315390000,6107020000
203693.6,-783500,-11764455000,11030215000,22794670000,39934895000,3065625319.1,3847768510.6,13.7,257272.3,47246.8,0.3,246900,-714700,-10737865000,14950,"2023-02-23T09:20:00.000Z",1677144000000,15200,14900,15150,20.4,79.6,0,1.2,3.7,0,3.9,961600,1208700,2639400,200,18223685000,3741415000,14479280000,2990000
203693.6,-667300,-10009650000,15145440000,25155090000,46410540000,3065625319.1,3847768510.6,-2.2,257272.3,47246.8,1.7,273100,116200,1754805000,15100,"2023-02-23T09:25:00.000Z",1677144300000,15150,14950,14950,63.5,36.5,0,1.3,0.6,,0.6,156900,430000,3069400,,6475645000,4115225000,2360420000,
203693.6,-567000,-8484315000,20095305000,28579620000,54784935000,3065625319.1,3847768510.6,-2,257272.3,47246.8,1.4,325700,100300,1525335000,15250,"2023-02-23T09:30:00.000Z",1677144600000,15250,15100,15150,59.1,40.9,0,1.6,0.9,,0.7,225400,551100,3620500,,8374395000,4949865000,3424530000,
203693.6,-881500,-13254020000,21447515000,34701535000,62259060000,3065625319.1,3847768510.6,6.1,257272.3,47246.8,0.2,89100,-314500,-4769705000,15150,"2023-02-23T09:35:00.000Z",1677144900000,15250,15100,15200,18.1,81.9,0,0.4,1.6,,4.5,403600,492700,4113200,,7474125000,1352210000,6121915000,
203693.6,-829600,-12467360000,23339765000,35807125000,65256900000,3065625319.1,3847768510.6,-1,257272.3,47246.8,1.7,124900,51900,786660000,15150,"2023-02-23T09:40:00.000Z",1677145200000,15200,15100,15150,63.1,36.9,0,0.6,0.3,,0.6,73000,197900,4311100,,2997840000,1892250000,1105590000,
203693.6,-838700,-12600695000,24716885000,37317580000,68144475000,3065625319.1,3847768510.6,0.2,257272.3,47246.8,0.9,90600,-9100,-133335000,15150,"2023-02-23T09:45:00.000Z",1677145500000,15200,15150,15150,47.6,52.4,0,0.4,0.4,,1.1,99700,190300,4501400,,2887575000,1377120000,1510455000,
203693.6,-788200,-11831770000,25887285000,37719055000,69716350000,3065625319.1,3847768510.6,-1,257272.3,47246.8,2.9,77000,50500,768925000,15200,"2023-02-23T09:50:00.000Z",1677145800000,15200,15150,15150,74.4,25.6,0,0.4,0.1,,0.3,26500,103500,4604900,,1571875000,1170400000,401475000,
203693.6,-1000600,-15047305000,26903615000,41950920000,74964545000,3065625319.1,3847768510.6,4.1,257272.3,47246.8,0.2,67000,-212400,-3215535000,15100,"2023-02-23T09:55:00.000Z",1677146100000,15200,15100,15200,19.3,80.7,0,0.3,1.1,,4.2,279400,346400,4951300,,5248195000,1016330000,4231865000,
203693.6,-963800,-14487620000,28117130000,42604750000,76831890000,3065625319.1,3847768510.6,-0.7,257272.3,47246.8,1.8,80100,36800,559685000,15150,"2023-02-23T10:00:00.000Z",1677146400000,15150,15100,15100,64.9,35.1,0,0.4,0.2,,0.5,43300,123400,5074700,,1867345000,1213515000,653830000,
203693.6,-1417300,-21325340000,28781225000,50106565000,84997800000,3065625319.1,3847768510.6,8.7,257272.3,47246.8,0.1,44100,-453500,-6837720000,15050,"2023-02-23T10:05:00.000Z",1677146700000,15150,15000,15150,8.1,91.9,0,0.2,1.9,,11.3,497600,541700,5616400,,8165910000,664095000,7501815000,
203693.6,-1468900,-22100895000,29631765000,51732660000,87474435000,3065625319.1,3847768510.6,1,257272.3,47246.8,0.5,56500,-51600,-775555000,15050,"2023-02-23T10:10:00.000Z",1677147000000,15100,15000,15050,34.3,65.7,0,0.3,0.4,,1.9,108100,164600,5781000,,2476635000,850540000,1626095000,
203693.6,-2323400,-34871700000,31344820000,66216520000,103671350000,3065625319.1,3847768510.6,16.3,257272.3,47246.8,0.1,114200,-854500,-12770805000,14850,"2023-02-23T10:15:00.000Z",1677147300000,15100,14850,15050,10.5,89.5,0,0.6,3.8,,8.5,968700,1082900,6863900,,16196915000,1713055000,14483860000,
203693.6,-2358300,-35376310000,38006720000,73383030000,117499760000,3065625319.1,3847768510.6,0.6,257272.3,47246.8,0.9,446500,-34900,-504610000,15000,"2023-02-23T10:20:00.000Z",1677147600000,15000,14800,14900,48.1,51.9,0,2.2,1.9,,1.1,481400,927900,7791800,,13828410000,6661900000,7166510000,
203693.6,-2501400,-37514445000,38323015000,75837460000,120270485000,3065625319.1,3847768510.6,2.7,257272.3,47246.8,0.1,21100,-143100,-2138135000,14950,"2023-02-23T10:25:00.000Z",1677147900000,15000,14900,14950,11.4,88.6,0,0.1,0.6,,7.8,164200,185300,7977100,,2770725000,316295000,2454430000,
203693.6,-2205800,-33075155000,44058040000,77133195000,127301245000,3065625319.1,3847768510.6,-5.7,257272.3,47246.8,4.4,381900,295600,4439290000,15050,"2023-02-23T10:30:00.000Z",1677148200000,15050,14950,14950,81.6,18.4,0,1.9,0.3,,0.2,86300,468200,8445300,,7030760000,5735025000,1295735000,
203693.6,-2229700,-33434255000,44237730000,77671985000,128019725000,3065625319.1,3847768510.6,0.5,257272.3,47246.8,0.3,11900,-23900,-359100000,15050,"2023-02-23T10:35:00.000Z",1677148500000,15100,15050,15050,24.9,75.1,0,0.1,0.1,,3,35800,47700,8493000,,718480000,179690000,538790000,
203693.6,-2310500,-34637605000,47912085000,82549690000,136571785000,3065625319.1,3847768510.6,1.5,257272.3,47246.8,0.8,243600,-80800,-1203350000,15000,"2023-02-23T10:40:00.000Z",1677148800000,15100,15000,15050,42.9,57.1,0,1.2,1.3,,1.3,324400,568000,9061000,,8552060000,3674355000,4877705000,
203693.6,-2414500,-36191910000,50113325000,86305235000,142528570000,3065625319.1,3847768510.6,2,257272.3,47246.8,0.6,146400,-104000,-1554305000,14950,"2023-02-23T10:45:00.000Z",1677149100000,15050,14950,15050,36.9,63.1,0,0.7,1,,1.7,250400,396800,9457800,,5956785000,2201240000,3755545000,
203693.6,-2404100,-36033505000,50990825000,87024330000,144125165000,3065625319.1,3847768510.6,-0.2,257272.3,47246.8,1.2,58500,10400,158405000,14950,"2023-02-23T10:50:00.000Z",1677149400000,15000,14950,14950,54.9,45.1,0,0.3,0.2,,0.8,48100,106600,9564400,,1596595000,877500000,719095000,
203693.6,-2385600,-35754575000,51697325000,87451900000,145259235000,3065625319.1,3847768510.6,-0.4,257272.3,47246.8,1.6,47100,18500,278930000,14950,"2023-02-23T10:55:00.000Z",1677149700000,15000,14950,15000,62.2,37.8,0,0.2,0.1,,0.6,28600,75700,9640100,,1134070000,706500000,427570000,
203693.6,-2307000,-34575115000,53465875000,88040990000,147616875000,3065625319.1,3847768510.6,-1.5,257272.3,47246.8,3,117900,78600,1179460000,15000,"2023-02-23T11:00:00.000Z",1677150000000,15050,14950,14950,75,25,0,0.6,0.2,,0.3,39300,157200,9797300,,2357640000,1768550000,589090000,
203693.6,-2329400,-34910125000,54604395000,89514520000,150228925000,3065625319.1,3847768510.6,0.4,257272.3,47246.8,0.8,75900,-22400,-335010000,15000,"2023-02-23T11:05:00.000Z",1677150300000,15050,14950,15000,43.6,56.4,0,0.4,0.4,,1.3,98300,174200,9971500,,2612050000,1138520000,1473530000,
203693.6,-2285600,-34252875000,55808905000,90061780000,151980695000,3065625319.1,3847768510.6,-0.8,257272.3,47246.8,2.2,80300,43800,657250000,15000,"2023-02-23T11:10:00.000Z",1677150600000,15050,14950,15000,68.8,31.3,0,0.4,0.1,,0.5,36500,116800,10088300,,1751770000,1204510000,547260000,
203693.6,-2338200,-35041835000,56363945000,91405780000,153879735000,3065625319.1,3847768510.6,1,257272.3,47246.8,0.4,37000,-52600,-788960000,15000,"2023-02-23T11:15:00.000Z",1677150900000,15050,15000,15000,29.2,70.8,0,0.2,0.3,,2.4,89600,126600,10214900,,1899040000,555040000,1344000000,
203693.6,-2160300,-32363950000,59545565000,91909515000,157565090000,3065625319.1,3847768510.6,-3.4,257272.3,47246.8,6.3,211400,177900,2677885000,15050,"2023-02-23T11:20:00.000Z",1677151200000,15100,15000,15000,86.3,13.7,0,1,0.1,,0.2,33500,244900,10459800,,3685355000,3181620000,503735000,
203693.6,-2354600,-35277260000,60084680000,95361940000,161556630000,3065625319.1,3847768510.6,3.7,257272.3,47246.8,0.2,35900,-194300,-2913310000,14950,"2023-02-23T11:25:00.000Z",1677151500000,15050,14950,15000,13.5,86.5,0,0.2,0.9,,6.4,230200,266100,10725900,,3991540000,539115000,3452425000,
203693.6,-2229700,-33409380000,66477380000,99886760000,172515870000,3065625319.1,3847768510.6,-2.4,257272.3,47246.8,1.4,428800,124900,1867880000,14950,"2023-02-23T13:00:00.000Z",1677157200000,14950,14850,14950,58.3,41.3,0.4,2.1,1.2,0.1,0.7,303900,735500,11461400,2800,10959240000,6392700000,4524820000,41720000
203693.6,-2098200,-31439400000,70177505000,101616905000,177946140000,3065625319.1,3847768510.6,-2.5,257272.3,47246.8,2.1,247500,131500,1969980000,14950,"2023-02-23T13:05:00.000Z",1677157500000,14950,14900,14950,68.1,31.9,0,1.2,0.5,,0.5,116000,363500,11824900,,5430270000,3700125000,1730145000,
203693.6,-1818900,-27238340000,77016015000,104254355000,187422100000,3065625319.1,3847768510.6,-5.4,257272.3,47246.8,2.6,455700,279300,4201060000,15050,"2023-02-23T13:10:00.000Z",1677157800000,15050,14950,14950,72.1,27.9,0,2.2,0.7,,0.4,176400,632100,12457000,,9475960000,6838510000,2637450000,
203693.6,-1806000,-27041280000,79776040000,106817320000,192745090000,3065625319.1,3847768510.6,-0.3,257272.3,47246.8,1.1,183200,12900,197060000,15050,"2023-02-23T13:15:00.000Z",1677158100000,15100,15000,15050,51.8,48.2,0,0.9,0.7,,0.9,170300,353500,12810500,,5322990000,2760025000,2562965000,
203693.6,-1769900,-26496750000,81521840000,108018590000,195692160000,3065625319.1,3847768510.6,-0.7,257272.3,47246.8,1.5,116000,36100,544530000,15050,"2023-02-23T13:20:00.000Z",1677158400000,15050,15000,15050,59.2,40.8,0,0.6,0.3,,0.7,79900,195900,13006400,,2947070000,1745800000,1201270000,
203693.6,-1899100,-28437640000,82518370000,110956010000,199626110000,3065625319.1,3847768510.6,2.5,257272.3,47246.8,0.3,66000,-129200,-1940890000,15000,"2023-02-23T13:25:00.000Z",1677158700000,15100,15000,15050,25.3,74.7,0,0.3,0.8,,3,195200,261200,13267600,,3933950000,996530000,2937420000,
203693.6,-1925900,-28837240000,84439845000,113277085000,203868660000,3065625319.1,3847768510.6,0.5,257272.3,47246.8,0.8,128000,-26800,-399600000,15050,"2023-02-23T13:30:00.000Z",1677159000000,15050,14950,15050,45.3,54.7,0,0.6,0.6,,1.2,154800,282800,13550400,,4242550000,1921475000,2321075000,
203693.6,-2011400,-30115425000,87105245000,117220670000,210477645000,3065625319.1,3847768510.6,1.6,257272.3,47246.8,0.7,177100,-85500,-1278185000,15000,"2023-02-23T13:35:00.000Z",1677159300000,15100,15000,15050,40.3,59.7,0,0.9,1,,1.5,262600,439700,13990100,,6608985000,2665400000,3943585000,
203693.6,-2041500,-30557345000,89600920000,120158265000,215910915000,3065625319.1,3847768510.6,0.6,257272.3,47246.8,0.8,166400,-30100,-441920000,14900,"2023-02-23T13:40:00.000Z",1677159600000,15000,14900,15000,45.9,54.1,0,0.8,0.8,,1.2,196500,362900,14353000,,5433270000,2495675000,2937595000,
203693.6,-2088600,-31258710000,90825165000,122083875000,219060770000,3065625319.1,3847768510.6,0.9,257272.3,47246.8,0.6,81800,-47100,-701365000,15000,"2023-02-23T13:45:00.000Z",1677159900000,15000,14900,14950,38.8,61.2,0,0.4,0.5,,1.6,128900,210700,14563700,,3149855000,1224245000,1925610000,
203693.6,-1828100,-27349520000,96541900000,123891420000,226585050000,3065625319.1,3847768510.6,-5,257272.3,47246.8,3.2,381100,260500,3909190000,15000,"2023-02-23T13:50:00.000Z",1677160200000,15050,14950,15000,76,24,0,1.9,0.5,,0.3,120600,501700,15065400,,7524280000,5716735000,1807545000,
203693.6,-1974500,-29529860000,98328110000,127857970000,232337810000,3065625319.1,3847768510.6,2.8,257272.3,47246.8,0.4,119300,-146400,-2180340000,14900,"2023-02-23T13:55:00.000Z",1677160500000,15000,14900,15000,31,69,0,0.6,1,,2.2,265700,385000,15450400,,5752760000,1786210000,3966550000,
203693.6,-3771700,-55983390000,102440290000,158423680000,267046565000,3065625319.1,3847768510.6,33.8,257272.3,47246.8,0.1,280800,-1797200,-26453530000,14650,"2023-02-23T14:00:00.000Z",1677160800000,14950,14500,14900,11.9,88,0.1,1.4,8.1,0,7.4,2078000,2360900,17811300,2100,34708755000,4112180000,30565710000,30865000
203693.6,-3734400,-55423095000,106070115000,161493210000,273882045000,3065625319.1,3847768510.6,-0.7,257272.3,47246.8,1.2,244700,37300,560295000,14900,"2023-02-23T14:05:00.000Z",1677161100000,14900,14700,14750,53,45,2,1.2,0.8,0.2,0.8,207400,461300,18272600,9200,6835480000,3629825000,3069530000,136125000
203693.6,-3999800,-59344320000,108277415000,167621735000,282222340000,3065625319.1,3847768510.6,5,257272.3,47246.8,0.4,148100,-265400,-3921225000,14700,"2023-02-23T14:10:00.000Z",1677161400000,14950,14700,14950,26.4,73.6,0.1,0.7,1.6,0,2.8,413500,561900,18834500,300,8340295000,2207300000,6128525000,4470000
203693.6,-4146400,-61485355000,112294625000,173779980000,292585950000,3065625319.1,3847768510.6,2.7,257272.3,47246.8,0.7,273300,-146600,-2141035000,14800,"2023-02-23T14:15:00.000Z",1677161700000,14800,14600,14750,38.7,59.5,1.8,1.3,1.6,0.3,1.5,419900,706000,19540500,12800,10363610000,4017210000,6158245000,188155000
203693.6,-2670700,-39118345000,136308435000,175426780000,318246560000,3065625319.1,3847768510.6,-28.6,257272.3,47246.8,14.5,1584900,1475700,22367010000,15400,"2023-02-23T14:20:00.000Z",1677162000000,15400,14750,14800,93.6,6.4,0,7.8,0.4,,0.1,109200,1694100,21234600,,25660610000,24013810000,1646800000,
203693.6,-2528200,-36914730000,143930390000,180845120000,331286855000,3065625319.1,3847768510.6,-2.8,257272.3,47246.8,1.4,496900,142500,2203615000,15400,"2023-02-23T14:25:00.000Z",1677162300000,15400,15200,15400,58.4,41.6,0,2.4,1.4,,0.7,354400,851300,22085900,,13040295000,7621955000,5418340000,
203693.6,-2518200,-36760730000,144084390000,180845120000,331440855000,3065625319.1,3847768510.6,-0.2,257272.3,47246.8,Infinity,10000,10000,154000000,15400,"2023-02-23T14:30:00.000Z",1677162600000,15400,15400,15400,100,0,0,0,,,0,,10000,22095900,,154000000,154000000,,
203693.6,-2518200,-36760730000,144084390000,180845120000,359724435000,3065625319.1,3847768510.6,0,257272.3,47246.8,NaN,,0,0,15800,"2023-02-23T14:45:00.000Z",1677163500000,15800,15800,15800,0,0,100,,,37.9,NaN,,1790100,23886000,1790100,28283580000,,,28283580000
