"abu","acum_busd","acum_busd_val","acum_val_bu","acum_val_sd","acum_val","avg_val_bu","avg_val_sd","rbusd","asd","auk","bs","bu","bu-sd","bu-sd_val","c","date","datetime","h","l","o","pbu","psd","puk","rbu","rsd","ruk","sb","sd","sum_vol","total_vol","uk","val","val_bu","val_sd","val_uk"
47289.1,-52800,-566445000,504125000,1070570000,1574695000,510149347.8,901486413,1.4,84106.5,243.5,0.5,46000,-52800,-566445000,10950,"2023-02-23T09:15:00.000Z",1677143700000,11100,10800,10800,31.8,68.2,0,1,1.2,,2.1,98800,144800,144800,,1574695000,504125000,1070570000,
47289.1,-127800,-1379655000,631805000,2011460000,2643265000,510149347.8,901486413,2.1,84106.5,243.5,0.1,11700,-75000,-813210000,10800,"2023-02-23T09:20:00.000Z",1677144000000,10950,10800,10950,11.9,88.1,0,0.2,1,,7.4,86700,98400,243200,,1068570000,127680000,940890000,
47289.1,-147200,-1585135000,1109970000,2695105000,3805075000,510149347.8,901486413,0.5,84106.5,243.5,0.7,44000,-19400,-205480000,10950,"2023-02-23T09:25:00.000Z",1677144300000,10950,10750,10800,41,59,0,0.9,0.8,,1.4,63400,107400,350600,,1161810000,478165000,683645000,
47289.1,-219600,-2365715000,1352310000,3718025000,5070335000,510149347.8,901486413,2,84106.5,243.5,0.2,22200,-72400,-780580000,10750,"2023-02-23T09:30:00.000Z",1677144600000,11000,10750,10850,19,81,0,0.5,1.1,,4.3,94600,116800,467400,,1265260000,242340000,1022920000,
47289.1,58400,638600000,5039430000,4400830000,9440260000,510149347.8,901486413,-7.7,84106.5,243.5,5.4,341400,278000,3004315000,10800,"2023-02-23T09:35:00.000Z",1677144900000,10800,10750,10750,84.3,15.7,0,7.2,0.8,,0.2,63400,404800,872200,,4369925000,3687120000,682805000,
47289.1,74600,814230000,5384645000,4570415000,9955060000,510149347.8,901486413,-0.4,84106.5,243.5,2,31900,16200,175630000,10850,"2023-02-23T09:40:00.000Z",1677145200000,10900,10750,10850,67,33,0,0.7,0.2,,0.5,15700,47600,919800,,514800000,345215000,169585000,
47289.1,127300,1386040000,6026980000,4640940000,10667920000,510149347.8,901486413,-1.5,84106.5,243.5,9.1,59200,52700,571810000,10850,"2023-02-23T09:45:00.000Z",1677145500000,10900,10850,10850,90.1,9.9,0,1.3,0.1,,0.1,6500,65700,985500,,712860000,642335000,70525000,
47289.1,154700,1685070000,6343450000,4658380000,11001830000,510149347.8,901486413,-0.8,84106.5,243.5,18.1,29000,27400,299030000,10950,"2023-02-23T09:50:00.000Z",1677145800000,10950,10900,10900,94.8,5.2,0,0.6,0,,0.1,1600,30600,1016100,,333910000,316470000,17440000,
47289.1,149000,1623670000,6503320000,4879650000,11382970000,510149347.8,901486413,0.2,84106.5,243.5,0.7,14600,-5700,-61400000,10950,"2023-02-23T09:55:00.000Z",1677146100000,10950,10900,10900,41.8,58.2,0,0.3,0.2,,1.4,20300,34900,1051000,,381140000,159870000,221270000,
47289.1,153400,1671895000,6592060000,4920165000,11512225000,510149347.8,901486413,-0.1,84106.5,243.5,2.2,8100,4400,48225000,11000,"2023-02-23T10:00:00.000Z",1677146400000,11000,10950,10950,68.6,31.4,0,0.2,0,,0.5,3700,11800,1062800,,129255000,88740000,40515000,
47289.1,143600,1564910000,6606340000,5041430000,11647770000,510149347.8,901486413,0.3,84106.5,243.5,0.1,1300,-9800,-106985000,10900,"2023-02-23T10:05:00.000Z",1677146700000,11000,10900,11000,10.5,89.5,0,0,0.1,,8.5,11100,12400,1075200,,135545000,14280000,121265000,
47289.1,148400,1617230000,6665200000,5047970000,11713170000,510149347.8,901486413,-0.1,84106.5,243.5,9,5400,4800,52320000,10900,"2023-02-23T10:10:00.000Z",1677147000000,10900,10900,10900,90,10,0,0.1,0,,0.1,600,6000,1081200,,65400000,58860000,6540000,
47289.1,-229200,-2463535000,6771040000,9234575000,16005615000,510149347.8,901486413,10.4,84106.5,243.5,0,9800,-377600,-4080765000,10800,"2023-02-23T10:15:00.000Z",1677147300000,10850,10800,10850,2.5,97.5,0,0.2,4.6,,39.5,387400,397200,1478400,,4292445000,105840000,4186605000,
47289.1,-399600,-4303805000,7051890000,11355695000,18407585000,510149347.8,901486413,4.7,84106.5,243.5,0.1,26000,-170400,-1840270000,10800,"2023-02-23T10:20:00.000Z",1677147600000,10850,10800,10800,11.7,88.3,0,0.5,2.3,,7.6,196400,222400,1700800,,2401970000,280850000,2121120000,
47289.1,-382100,-4114800000,7355375000,11470175000,18825550000,510149347.8,901486413,-0.5,84106.5,243.5,2.7,28100,17500,189005000,10800,"2023-02-23T10:25:00.000Z",1677147900000,10850,10800,10800,72.6,27.4,0,0.6,0.1,,0.4,10600,38700,1739500,,417965000,303485000,114480000,
47289.1,-403000,-4342035000,7632720000,11974755000,19607475000,510149347.8,901486413,0.6,84106.5,243.5,0.5,25500,-20900,-227235000,10900,"2023-02-23T10:30:00.000Z",1677148200000,10900,10800,10850,35.5,64.5,0,0.5,0.6,,1.8,46400,71900,1811400,,781925000,277345000,504580000,
47289.1,-423900,-4568660000,7663240000,12231900000,19895140000,510149347.8,901486413,0.6,84106.5,243.5,0.1,2800,-20900,-226625000,10900,"2023-02-23T10:35:00.000Z",1677148500000,10900,10850,10850,10.6,89.4,0,0.1,0.3,,8.5,23700,26500,1837900,,287665000,30520000,257145000,
47289.1,-571100,-6165150000,7690390000,13855540000,21545930000,510149347.8,901486413,4.1,84106.5,243.5,0,2500,-147200,-1596490000,10800,"2023-02-23T10:40:00.000Z",1677148800000,10900,10800,10850,1.6,98.4,0,0.1,1.8,,59.9,149700,152200,1990100,,1650790000,27150000,1623640000,
47289.1,-657200,-7087125000,9042045000,16129170000,25171215000,510149347.8,901486413,2.4,84106.5,243.5,0.6,124300,-86100,-921975000,10800,"2023-02-23T10:45:00.000Z",1677149100000,10900,10800,10800,37.1,62.9,0,2.6,2.5,,1.7,210400,334700,2324800,,3625285000,1351655000,2273630000,
47289.1,-735800,-7933480000,9476205000,17409685000,26885890000,510149347.8,901486413,2.2,84106.5,243.5,0.3,40200,-78600,-846355000,10750,"2023-02-23T10:50:00.000Z",1677149400000,10800,10750,10800,25.3,74.7,0,0.9,1.4,,3,118800,159000,2483800,,1714675000,434160000,1280515000,
47289.1,-768600,-8285580000,9584205000,17869785000,27453990000,510149347.8,901486413,0.9,84106.5,243.5,0.2,10000,-32800,-352100000,10750,"2023-02-23T10:55:00.000Z",1677149700000,10800,10750,10750,18.9,81.1,0,0.2,0.5,,4.3,42800,52800,2536600,,568100000,108000000,460100000,
47289.1,-820400,-8842425000,9585285000,18427710000,28012995000,510149347.8,901486413,1.4,84106.5,243.5,0,100,-51800,-556845000,10750,"2023-02-23T11:00:00.000Z",1677150000000,10800,10750,10750,0.2,99.8,0,0,0.6,,519,51900,52000,2588600,,559005000,1080000,557925000,
47289.1,-912700,-9834020000,9718095000,19552115000,29270210000,510149347.8,901486413,2.5,84106.5,243.5,0.1,12300,-92300,-991595000,10750,"2023-02-23T11:05:00.000Z",1677150300000,10800,10700,10750,10.5,89.5,0,0.3,1.2,,8.5,104600,116900,2705500,,1257215000,132810000,1124405000,
47289.1,-978400,-10540175000,9744015000,20284190000,30028205000,510149347.8,901486413,1.8,84106.5,243.5,0,2400,-65700,-706155000,10750,"2023-02-23T11:10:00.000Z",1677150600000,10800,10750,10750,3.4,96.6,0,0.1,0.8,,28.4,68100,70500,2776000,,757995000,25920000,732075000,
47289.1,-848100,-9131860000,11817655000,20949515000,32767170000,510149347.8,901486413,-3.6,84106.5,243.5,3.1,192000,130300,1408315000,10750,"2023-02-23T11:15:00.000Z",1677150900000,10850,10750,10750,75.7,24.3,0,4.1,0.7,,0.3,61700,253700,3029700,,2738965000,2073640000,665325000,
47289.1,-932900,-10043285000,11890015000,21933300000,33823315000,510149347.8,901486413,2.3,84106.5,243.5,0.1,6700,-84800,-911425000,10750,"2023-02-23T11:20:00.000Z",1677151200000,10800,10750,10750,6.8,93.2,0,0.1,1.1,,13.7,91500,98200,3127900,,1056145000,72360000,983785000,
47289.1,-971400,-10457055000,11912695000,22369750000,34282445000,510149347.8,901486413,1.1,84106.5,243.5,0.1,2100,-38500,-413770000,10800,"2023-02-23T11:25:00.000Z",1677151500000,10800,10750,10750,4.9,95.1,0,0,0.5,,19.3,40600,42700,3170600,,459130000,22680000,436450000,
47289.1,-1233200,-13256415000,12039705000,25296120000,37456225000,510149347.8,901486413,7.2,84106.5,243.5,0,11800,-261800,-2799360000,10650,"2023-02-23T13:00:00.000Z",1677157200000,10800,10650,10750,4,92.2,3.8,0.2,3.3,46,23.2,273600,296600,3467200,11200,3173780000,127010000,2926370000,120400000
47289.1,-1251100,-13446580000,12140285000,25586865000,37847550000,510149347.8,901486413,0.5,84106.5,243.5,0.3,9400,-17900,-190165000,10700,"2023-02-23T13:05:00.000Z",1677157500000,10700,10650,10650,25.6,74.4,0,0.2,0.3,,2.9,27300,36700,3503900,,391325000,100580000,290745000,
47289.1,-1250500,-13437980000,12613225000,26051205000,38784830000,510149347.8,901486413,0,84106.5,243.5,1,44200,600,8600000,10700,"2023-02-23T13:10:00.000Z",1677157800000,10700,10650,10700,50.3,49.7,0,0.9,0.5,,1,43600,87800,3591700,,937280000,472940000,464340000,
47289.1,-1199500,-12891185000,13267520000,26158705000,39546625000,510149347.8,901486413,-1.4,84106.5,243.5,6.1,61000,51000,546795000,10750,"2023-02-23T13:15:00.000Z",1677158100000,10800,10700,10700,85.9,14.1,0,1.3,0.1,,0.2,10000,71000,3662700,,761795000,654295000,107500000,
47289.1,-1208000,-12982725000,13841060000,26823785000,40785245000,510149347.8,901486413,0.2,84106.5,243.5,0.9,53100,-8500,-91540000,10750,"2023-02-23T13:20:00.000Z",1677158400000,10850,10750,10750,46.3,53.7,0,1.1,0.7,,1.2,61600,114700,3777400,,1238620000,573540000,665080000,
47289.1,-1229600,-13214410000,13952300000,27166710000,41239410000,510149347.8,901486413,0.6,84106.5,243.5,0.3,10300,-21600,-231685000,10750,"2023-02-23T13:25:00.000Z",1677158700000,10800,10750,10750,24.4,75.6,0,0.2,0.4,,3.1,31900,42200,3819600,,454165000,111240000,342925000,
47289.1,-1265500,-13599650000,14156690000,27756340000,42033430000,510149347.8,901486413,1,84106.5,243.5,0.3,19000,-35900,-385240000,10750,"2023-02-23T13:30:00.000Z",1677159000000,10800,10700,10750,25.7,74.3,0,0.4,0.7,,2.9,54900,73900,3893500,,794020000,204390000,589630000,
47289.1,-1298300,-13952245000,14158845000,28111090000,42390335000,510149347.8,901486413,0.9,84106.5,243.5,0,200,-32800,-352595000,10750,"2023-02-23T13:35:00.000Z",1677159300000,10800,10750,10800,0.6,99.4,0,0,0.4,,165,33000,33200,3926700,,356905000,2155000,354750000,
47289.1,-1467900,-15762635000,14229465000,29992100000,44341965000,510149347.8,901486413,4.6,84106.5,243.5,0,6600,-169600,-1810390000,10650,"2023-02-23T13:40:00.000Z",1677159600000,10700,10650,10700,3.6,96.4,0,0.1,2.1,,26.7,176200,182800,4109500,,1951630000,70620000,1881010000,
47289.1,-1461800,-15696450000,14490545000,30186995000,44797940000,510149347.8,901486413,-0.2,84106.5,243.5,1.3,24400,6100,66185000,10650,"2023-02-23T13:45:00.000Z",1677159900000,10700,10650,10700,57.1,42.9,0,0.5,0.2,,0.8,18300,42700,4152200,,455975000,261080000,194895000,
47289.1,-1455400,-15627905000,14860765000,30488670000,45469835000,510149347.8,901486413,-0.2,84106.5,243.5,1.2,34600,6400,68545000,10700,"2023-02-23T13:50:00.000Z",1677160200000,10700,10650,10700,55.1,44.9,0,0.7,0.3,,0.8,28200,62800,4215000,,671895000,370220000,301675000,
47289.1,-1690400,-18129105000,14950580000,33079685000,48150665000,510149347.8,901486413,6.4,84106.5,243.5,0,8400,-235000,-2501200000,10600,"2023-02-23T13:55:00.000Z",1677160500000,10700,10600,10700,3.3,96.7,0,0.2,2.9,,29,243400,251800,4466800,,2680830000,89815000,2591015000,
47289.1,-2039100,-21795770000,16270280000,38066050000,54456730000,510149347.8,901486413,9.4,84106.5,243.5,0.3,125500,-348700,-3666665000,10550,"2023-02-23T14:00:00.000Z",1677160800000,10650,10450,10650,20.9,79.1,0,2.7,5.6,,3.8,474200,599700,5066500,,6306065000,1319700000,4986365000,
47289.1,-1998400,-21365150000,16753865000,38119015000,54993280000,510149347.8,901486413,-1.1,84106.5,243.5,9.1,45700,40700,430620000,10650,"2023-02-23T14:05:00.000Z",1677161100000,10650,10550,10550,90.1,9.9,0,1,0.1,,0.1,5000,50700,5117200,,536550000,483585000,52965000,
47289.1,-2155800,-23030500000,16962570000,39993070000,57076040000,510149347.8,901486413,4.3,84106.5,243.5,0.1,19600,-157400,-1665350000,10600,"2023-02-23T14:10:00.000Z",1677161400000,10650,10550,10650,10,90,0,0.4,2.1,,9,177000,196600,5313800,,2082760000,208705000,1874055000,
47289.1,-2197400,-23467080000,17435380000,40902460000,58458240000,510149347.8,901486413,1.1,84106.5,243.5,0.5,44800,-41600,-436580000,10500,"2023-02-23T14:15:00.000Z",1677161700000,10600,10500,10550,34.1,65.9,0,0.9,1,,1.9,86400,131200,5445000,,1382200000,472810000,909390000,
47289.1,-2119700,-22636545000,18748885000,41385430000,60254715000,510149347.8,901486413,-2.1,84106.5,243.5,2.7,123300,77700,830535000,10750,"2023-02-23T14:20:00.000Z",1677162000000,10750,10500,10500,73,27,0,2.6,0.5,,0.4,45600,168900,5613900,,1796475000,1313505000,482970000,
47289.1,-2047900,-21863375000,19605000000,41468375000,61193775000,510149347.8,901486413,-2,84106.5,243.5,10.3,79500,71800,773170000,10750,"2023-02-23T14:25:00.000Z",1677162300000,10800,10650,10700,91.2,8.8,0,1.7,0.1,,0.1,7700,87200,5701100,,939060000,856115000,82945000,
47289.1,-1693600,-18001505000,23466870000,41468375000,65055645000,510149347.8,901486413,-9.9,84106.5,243.5,Infinity,354300,354300,3861870000,10900,"2023-02-23T14:45:00.000Z",1677163500000,10900,10900,10900,100,0,0,7.5,,,0,,354300,6055400,,3861870000,3861870000,,
