"abu","acum_busd","acum_busd_val","acum_val_bu","acum_val_sd","acum_val","avg_val_bu","avg_val_sd","rbusd","asd","auk","bs","bu","bu-sd","bu-sd_val","c","date","datetime","h","l","o","pbu","psd","puk","rbu","rsd","ruk","sb","sd","sum_vol","total_vol","uk","val","val_bu","val_sd","val_uk"
72850,-116500,-2403785000,979085000,3382870000,4361955000,1469825978.3,2334022391.3,2.8,115891.3,17121.7,0.3,47100,-116500,-2403785000,20650,"2023-02-23T09:15:00.000Z",1677143700000,20850,20650,20650,22.4,77.6,0,0.6,1.4,,3.5,163600,210700,210700,,4361955000,979085000,3382870000,
72850,-214600,-4423265000,1241275000,5664540000,6905815000,1469825978.3,2334022391.3,2.3,115891.3,17121.7,0.1,12700,-98100,-2019480000,20550,"2023-02-23T09:20:00.000Z",1677144000000,20650,20550,20650,10.3,89.7,0,0.2,1,,8.7,110800,123500,334200,,2543860000,262190000,2281670000,
72850,-352000,-7235375000,2754270000,9989645000,12786860000,1469825978.3,2334022391.3,3.3,115891.3,17121.7,0.3,73900,-137400,-2812110000,20500,"2023-02-23T09:25:00.000Z",1677144300000,20550,20400,20550,25.7,73.5,0.7,1,1.8,0.1,2.9,211300,287300,621500,2100,5881045000,1512995000,4325105000,42945000
72850,-311100,-6393310000,3768680000,10161990000,13973615000,1469825978.3,2334022391.3,-1,115891.3,17121.7,5.9,49300,40900,842065000,20650,"2023-02-23T09:30:00.000Z",1677144600000,20650,20450,20500,85.4,14.6,0,0.7,0.1,,0.2,8400,57700,679200,,1186755000,1014410000,172345000,
72850,-327300,-6727165000,4224360000,10951525000,15218830000,1469825978.3,2334022391.3,0.4,115891.3,17121.7,0.6,22100,-16200,-333855000,20550,"2023-02-23T09:35:00.000Z",1677144900000,20650,20550,20650,36.6,63.4,0,0.3,0.3,,1.7,38300,60400,739600,,1245215000,455680000,789535000,
72850,-262900,-5398800000,5822390000,11221190000,17086525000,1469825978.3,2334022391.3,-1.5,115891.3,17121.7,5.9,77500,64400,1328365000,20650,"2023-02-23T09:40:00.000Z",1677145200000,20650,20550,20550,85.5,14.5,0,1.1,0.1,,0.2,13100,90600,830200,,1867695000,1598030000,269665000,
72850,-263400,-5408210000,6777400000,12185610000,19005955000,1469825978.3,2334022391.3,0,115891.3,17121.7,1,46100,-500,-9410000,20700,"2023-02-23T09:45:00.000Z",1677145500000,20750,20650,20700,49.7,50.3,0,0.6,0.4,,1,46600,92700,922900,,1919430000,955010000,964420000,
72850,-325700,-6696370000,6918360000,13614730000,20576035000,1469825978.3,2334022391.3,1.5,115891.3,17121.7,0.1,6800,-62300,-1288160000,20650,"2023-02-23T09:50:00.000Z",1677145800000,20750,20650,20700,9,91,0,0.1,0.6,,10.2,69100,75900,998800,,1570080000,140960000,1429120000,
72850,-410600,-8444565000,7187435000,15632000000,22862380000,1469825978.3,2334022391.3,2,115891.3,17121.7,0.1,13000,-84900,-1748195000,20550,"2023-02-23T09:55:00.000Z",1677146100000,20700,20550,20650,11.7,88.3,0,0.2,0.8,,7.5,97900,110900,1109700,,2286345000,269075000,2017270000,
72850,-376000,-7732785000,8065530000,15798315000,23906790000,1469825978.3,2334022391.3,-0.8,115891.3,17121.7,5.3,42700,34600,711780000,20600,"2023-02-23T10:00:00.000Z",1677146400000,20600,20500,20550,84.1,15.9,0,0.6,0.1,,0.2,8100,50800,1160500,,1044410000,878095000,166315000,
72850,-420500,-8644645000,8246440000,16891085000,25180470000,1469825978.3,2334022391.3,1.1,115891.3,17121.7,0.2,8800,-44500,-911860000,20450,"2023-02-23T10:05:00.000Z",1677146700000,20600,20450,20600,14.2,85.8,0,0.1,0.5,,6.1,53300,62100,1222600,,1273680000,180910000,1092770000,
72850,-439000,-9022655000,8563730000,17586385000,26193060000,1469825978.3,2334022391.3,0.4,115891.3,17121.7,0.5,15500,-18500,-378010000,20500,"2023-02-23T10:10:00.000Z",1677147000000,20500,20450,20450,31.3,68.7,0,0.2,0.3,,2.2,34000,49500,1272100,,1012590000,317290000,695300000,
72850,-742600,-15202370000,8893450000,24095820000,33032215000,1469825978.3,2334022391.3,7.2,115891.3,17121.7,0.1,16200,-303600,-6179715000,20250,"2023-02-23T10:15:00.000Z",1677147300000,20500,20200,20500,4.8,95.2,0,0.2,2.8,,19.7,319800,336000,1608100,,6839155000,329720000,6509435000,
72850,-718800,-14717115000,10237610000,24954725000,35235280000,1469825978.3,2334022391.3,-0.6,115891.3,17121.7,1.6,66300,23800,485255000,20300,"2023-02-23T10:20:00.000Z",1677147600000,20300,20200,20250,60.9,39.1,0,0.9,0.4,,0.6,42500,108800,1716900,,2203065000,1344160000,858905000,
72850,-712300,-14583670000,10958310000,25541980000,36543235000,1469825978.3,2334022391.3,-0.2,115891.3,17121.7,1.2,35500,6500,133445000,20350,"2023-02-23T10:25:00.000Z",1677147900000,20350,20250,20250,55,45,0,0.5,0.3,,0.8,29000,64500,1781400,,1307955000,720700000,587255000,
72850,-692900,-14188815000,11475250000,25664065000,37182260000,1469825978.3,2334022391.3,-0.5,115891.3,17121.7,4.2,25400,19400,394855000,20400,"2023-02-23T10:30:00.000Z",1677148200000,20400,20300,20350,80.9,19.1,0,0.3,0.1,,0.2,6000,31400,1812800,,639025000,516940000,122085000,
72850,-694400,-14219485000,12420990000,26640475000,39104410000,1469825978.3,2334022391.3,0,115891.3,17121.7,1,46200,-1500,-30670000,20450,"2023-02-23T10:35:00.000Z",1677148500000,20550,20400,20400,49.2,50.8,0,0.6,0.4,,1,47700,93900,1906700,,1922150000,945740000,976410000,
72850,-737700,-15104970000,12478250000,27583220000,40104415000,1469825978.3,2334022391.3,1,115891.3,17121.7,0.1,2800,-43300,-885485000,20450,"2023-02-23T10:40:00.000Z",1677148800000,20450,20450,20450,5.7,94.3,0,0,0.4,,16.5,46100,48900,1955600,,1000005000,57260000,942745000,
72850,-772000,-15803635000,12837290000,28640925000,41521160000,1469825978.3,2334022391.3,0.8,115891.3,17121.7,0.3,17600,-34300,-698665000,20350,"2023-02-23T10:45:00.000Z",1677149100000,20400,20350,20400,25.3,74.7,0,0.2,0.4,,2.9,51900,69500,2025100,,1416745000,359040000,1057705000,
72850,-798600,-16344920000,12882085000,29227005000,42152035000,1469825978.3,2334022391.3,0.6,115891.3,17121.7,0.1,2200,-26600,-541285000,20350,"2023-02-23T10:50:00.000Z",1677149400000,20400,20350,20350,7.1,92.9,0,0,0.2,,13.1,28800,31000,2056100,,630875000,44795000,586080000,
72850,-809400,-16563950000,13393805000,29957755000,43394505000,1469825978.3,2334022391.3,0.3,115891.3,17121.7,0.7,25200,-10800,-219030000,20300,"2023-02-23T10:55:00.000Z",1677149700000,20350,20250,20350,41.2,58.8,0,0.3,0.3,,1.4,36000,61200,2117300,,1242470000,511720000,730750000,
72850,-796600,-16303035000,13831330000,30134365000,44008640000,1469825978.3,2334022391.3,-0.3,115891.3,17121.7,2.5,21500,12800,260915000,20300,"2023-02-23T11:00:00.000Z",1677150000000,20350,20300,20300,71.2,28.8,0,0.3,0.1,,0.4,8700,30200,2147500,,614135000,437525000,176610000,
72850,-811700,-16608880000,14110125000,30719005000,44872075000,1469825978.3,2334022391.3,0.4,115891.3,17121.7,0.5,13700,-15100,-305845000,20300,"2023-02-23T11:05:00.000Z",1677150300000,20350,20300,20300,32.2,67.8,0,0.2,0.2,,2.1,28800,42500,2190000,,863435000,278795000,584640000,
72850,-765300,-15662920000,15445725000,31108645000,46597315000,1469825978.3,2334022391.3,-1.1,115891.3,17121.7,3.4,65500,46400,945960000,20400,"2023-02-23T11:10:00.000Z",1677150600000,20400,20350,20350,77.4,22.6,0,0.9,0.2,,0.3,19100,84600,2274600,,1725240000,1335600000,389640000,
72850,-824100,-16855130000,15464040000,32319170000,48825140000,1469825978.3,2334022391.3,1.4,115891.3,17121.7,0,900,-58800,-1192210000,20350,"2023-02-23T11:15:00.000Z",1677150900000,20400,20200,20400,0.8,54.3,44.9,0,0.5,2.9,66.3,59700,109900,2384500,49300,2227825000,18315000,1210525000,998985000
72850,-839900,-17176530000,15761280000,32937810000,49741020000,1469825978.3,2334022391.3,0.4,115891.3,17121.7,0.5,14600,-15800,-321400000,20350,"2023-02-23T11:20:00.000Z",1677151200000,20400,20350,20350,32.4,67.6,0,0.2,0.3,,2.1,30400,45000,2429500,,915880000,297240000,618640000,
72850,-877100,-17932180000,15801890000,33734070000,50577890000,1469825978.3,2334022391.3,0.9,115891.3,17121.7,0.1,2000,-37200,-755650000,20300,"2023-02-23T11:25:00.000Z",1677151500000,20350,20300,20350,4.9,95.1,0,0,0.3,,19.6,39200,41200,2470700,,836870000,40610000,796260000,
72850,-1261600,-25638395000,19460345000,45098740000,65725490000,1469825978.3,2334022391.3,8.9,115891.3,17121.7,0.3,181800,-384500,-7706215000,20050,"2023-02-23T13:00:00.000Z",1677157200000,20250,19950,20250,24.1,75.1,0.8,2.5,4.9,0.4,3.1,566300,754300,3225000,6200,15147600000,3658455000,11364670000,124475000
72850,-1249100,-25384450000,20794985000,46179435000,68140825000,1469825978.3,2334022391.3,-0.3,115891.3,17121.7,1.2,66400,12500,253945000,20100,"2023-02-23T13:05:00.000Z",1677157500000,20100,20050,20050,55.2,44.8,0,0.9,0.5,,0.8,53900,120300,3345300,,2415335000,1334640000,1080695000,
72850,-1235600,-25094265000,24835050000,49929315000,75930770000,1469825978.3,2334022391.3,-0.3,115891.3,17121.7,1.1,200500,13500,290185000,20200,"2023-02-23T13:10:00.000Z",1677157800000,20200,20000,20100,51.7,48.3,0,2.8,1.6,,0.9,187000,387500,3732800,,7789945000,4040065000,3749880000,
72850,-1159500,-23551835000,27149875000,50701710000,79017990000,1469825978.3,2334022391.3,-1.8,115891.3,17121.7,3,114300,76100,1542430000,20150,"2023-02-23T13:15:00.000Z",1677158100000,20300,20150,20250,75,25,0,1.6,0.3,,0.3,38200,152500,3885300,,3087220000,2314825000,772395000,
72850,-1198500,-24339560000,28049745000,52389305000,81605455000,1469825978.3,2334022391.3,0.9,115891.3,17121.7,0.5,44500,-39000,-787725000,20250,"2023-02-23T13:20:00.000Z",1677158400000,20300,20150,20200,34.8,65.2,0,0.6,0.7,,1.9,83500,128000,4013300,,2587465000,899870000,1687595000,
72850,-1207700,-24519945000,29435070000,53955015000,84556490000,1469825978.3,2334022391.3,0.2,115891.3,17121.7,0.9,68600,-9200,-180385000,20100,"2023-02-23T13:25:00.000Z",1677158700000,20250,20100,20200,46.9,53.1,0,0.9,0.7,,1.1,77800,146400,4159700,,2951035000,1385325000,1565710000,
72850,-1276300,-25894155000,30150630000,56044785000,87361820000,1469825978.3,2334022391.3,1.6,115891.3,17121.7,0.3,35600,-68600,-1374210000,20050,"2023-02-23T13:30:00.000Z",1677159000000,20100,20050,20050,25.5,74.5,0,0.5,0.9,,2.9,104200,139800,4299500,,2805330000,715560000,2089770000,
72850,-1412300,-28613030000,32408635000,61021665000,94630790000,1469825978.3,2334022391.3,3.1,115891.3,17121.7,0.5,111900,-136000,-2718875000,20000,"2023-02-23T13:35:00.000Z",1677159300000,20200,20000,20100,31,68.6,0.5,1.5,2.1,0.1,2.2,247900,361500,4661000,1700,7268970000,2258005000,4976880000,34085000
72850,-1529900,-30962465000,33020335000,63982800000,98203625000,1469825978.3,2334022391.3,2.7,115891.3,17121.7,0.2,30400,-117600,-2349435000,20050,"2023-02-23T13:40:00.000Z",1677159600000,20150,20000,20050,17,83,0,0.4,1.3,,4.9,148000,178400,4839400,,3572835000,611700000,2961135000,
72850,-1781400,-35984120000,35388975000,71373095000,107962560000,1469825978.3,2334022391.3,5.8,115891.3,17121.7,0.3,118200,-251500,-5021655000,20150,"2023-02-23T13:45:00.000Z",1677159900000,20200,19900,20000,24.2,75.8,0,1.6,3.2,,3.1,369700,487900,5327300,,9758935000,2368640000,7390295000,
72850,-1817200,-36702800000,36086030000,72788830000,110075350000,1469825978.3,2334022391.3,0.8,115891.3,17121.7,0.5,34700,-35800,-718680000,20050,"2023-02-23T13:50:00.000Z",1677160200000,20150,20050,20150,33,67,0,0.5,0.6,,2,70500,105200,5432500,,2112790000,697055000,1415735000,
72850,-2135100,-43042625000,36915415000,79958040000,118079930000,1469825978.3,2334022391.3,7.3,115891.3,17121.7,0.1,41400,-317900,-6339825000,19950,"2023-02-23T13:55:00.000Z",1677160500000,20100,19900,20050,10.3,89.6,0.1,0.6,3.1,0,8.7,359300,401000,5833500,300,8004580000,829385000,7169210000,5985000
72850,-2550000,-51231335000,40026150000,91257485000,133095990000,1469825978.3,2334022391.3,9.5,115891.3,17121.7,0.3,157500,-414900,-8188710000,19650,"2023-02-23T14:00:00.000Z",1677160800000,19950,19600,19900,20.7,75.3,4,2.2,4.9,1.8,3.6,572400,760500,6594000,30600,15016060000,3110735000,11299445000,605880000
72850,-2411300,-48491005000,44431565000,92922570000,139166490000,1469825978.3,2334022391.3,-3.2,115891.3,17121.7,2.6,222800,138700,2740330000,19950,"2023-02-23T14:05:00.000Z",1677161100000,19950,19650,19700,72.6,27.4,0,3.1,0.7,,0.4,84100,306900,6900900,,6070500000,4405415000,1665085000,
72850,-2499100,-50226820000,47208775000,97435595000,146488245000,1469825978.3,2334022391.3,2,115891.3,17121.7,0.6,139800,-87800,-1735815000,19700,"2023-02-23T14:10:00.000Z",1677161400000,20000,19650,19950,37.9,61.7,0.4,1.9,2,0.1,1.6,227600,369000,7269900,1600,7321755000,2777210000,4513025000,31520000
72850,-2418000,-48622695000,51850540000,100473235000,154167650000,1469825978.3,2334022391.3,-1.9,115891.3,17121.7,1.5,235500,81100,1604125000,19750,"2023-02-23T14:15:00.000Z",1677161700000,19800,19650,19700,60.4,39.6,0,3.2,1.3,,0.7,154400,389900,7659800,,7679405000,4641765000,3037640000,
72850,-2095600,-42138645000,60565120000,102703765000,165112760000,1469825978.3,2334022391.3,-7.5,115891.3,17121.7,3.9,433800,322400,6484050000,20450,"2023-02-23T14:20:00.000Z",1677162000000,20500,19750,19750,79.6,20.4,0,6,1,,0.3,111400,545200,8205000,,10945110000,8714580000,2230530000,
72850,-1979900,-39753035000,67611995000,107365030000,176820900000,1469825978.3,2334022391.3,-2.8,115891.3,17121.7,1.5,342300,115700,2385610000,20700,"2023-02-23T14:25:00.000Z",1677162300000,20700,20400,20500,60.2,39.8,0,4.7,2,,0.7,226600,568900,8773900,,11708140000,7046875000,4661265000,
72850,-1979900,-39753035000,67611995000,107365030000,191363120000,1469825978.3,2334022391.3,0,115891.3,17121.7,NaN,,0,0,20900,"2023-02-23T14:45:00.000Z",1677163500000,20900,20900,20900,0,0,100,,,40.6,NaN,,695800,9469700,695800,14542220000,,,14542220000
