"abu","acum_busd","acum_busd_val","acum_val_bu","acum_val_sd","acum_val","avg_val_bu","avg_val_sd","rbusd","asd","auk","bs","bu","bu-sd","bu-sd_val","c","date","datetime","h","l","o","pbu","psd","puk","rbu","rsd","ruk","sb","sd","sum_vol","total_vol","uk","val","val_bu","val_sd","val_uk"
62345.7,-9500,-118720000,789380000,908100000,2921020000,844166739.1,808938152.2,-3.4,59700,2717.4,0.9,59600,-9500,-118720000,13150,"2023-02-22T09:15:00.000Z",1677057300000,13350,13100,13100,26.8,31.1,42.1,1,1.2,34.4,1.2,69100,222100,222100,93400,2921020000,789380000,908100000,1223540000
62345.7,70200,939780000,3429685000,2489905000,7143130000,844166739.1,808938152.2,30,59700,2717.4,1.7,199300,79700,1058500000,13400,"2023-02-22T09:20:00.000Z",1677057600000,13400,13100,13150,62.5,37.5,0,3.2,2,,0.6,119600,318900,541000,,4222110000,2640305000,1581805000,
62345.7,317100,4301760000,8196320000,3894560000,13314420000,844166739.1,808938152.2,95.4,59700,2717.4,3.4,350000,246900,3361980000,13800,"2023-02-22T09:25:00.000Z",1677057900000,13800,13400,13400,77.2,22.8,0,5.6,1.7,,0.3,103100,453100,994100,,6171290000,4766635000,1404655000,
62345.7,124900,1661385000,10059800000,8398415000,19684515000,844166739.1,808938152.2,-74.9,59700,2717.4,0.4,134800,-192200,-2640375000,13600,"2023-02-22T09:30:00.000Z",1677058200000,13950,13600,13800,29.2,70.8,0,2.2,5.5,0.1,2.4,327000,462000,1456100,200,6370095000,1863480000,4503855000,2760000
62345.7,123000,1637245000,10754015000,9116770000,21097085000,844166739.1,808938152.2,-0.7,59700,2717.4,1,50600,-1900,-24140000,13750,"2023-02-22T09:35:00.000Z",1677058500000,13800,13600,13600,49.1,50.9,0,0.8,0.9,,1,52500,103100,1559200,,1412570000,694215000,718355000,
62345.7,92700,1222945000,10880085000,9657140000,21763525000,844166739.1,808938152.2,-11.8,59700,2717.4,0.2,9200,-30300,-414300000,13650,"2023-02-22T09:40:00.000Z",1677058800000,13750,13650,13750,18.9,81.1,0,0.1,0.7,,4.3,39500,48700,1607900,,666440000,126070000,540370000,
62345.7,-7300,-135650000,10963120000,11098770000,23288190000,844166739.1,808938152.2,-38.6,59700,2717.4,0.1,6100,-100000,-1358595000,13550,"2023-02-22T09:45:00.000Z",1677059100000,13650,13550,13650,5.4,94.6,0,0.1,1.8,,17.4,106100,112200,1720100,,1524665000,83035000,1441630000,
62345.7,12400,132200000,11534940000,11402740000,24163980000,844166739.1,808938152.2,7.6,59700,2717.4,1.9,42200,19700,267850000,13550,"2023-02-22T09:50:00.000Z",1677059400000,13600,13500,13550,65.2,34.8,0,0.7,0.4,,0.5,22500,64700,1784800,,875790000,571820000,303970000,
62345.7,10300,102725000,12466960000,12364235000,26057495000,844166739.1,808938152.2,-0.8,59700,2717.4,1,69000,-2100,-29475000,13500,"2023-02-22T09:55:00.000Z",1677059700000,13550,13450,13550,49.3,50.7,0,1.1,1.2,,1,71100,140100,1924900,,1893515000,932020000,961495000,
62345.7,85600,1131570000,14206750000,13075180000,28515055000,844166739.1,808938152.2,29.2,59700,2717.4,2.4,127700,75300,1028845000,13700,"2023-02-22T10:00:00.000Z",1677060000000,13750,13500,13500,70.7,29,0.3,2,0.9,0.2,0.4,52400,180600,2105500,500,2457560000,1739790000,710945000,6825000
62345.7,69000,905125000,14320460000,13415335000,28968920000,844166739.1,808938152.2,-6.4,59700,2717.4,0.3,8300,-16600,-226445000,13650,"2023-02-22T10:05:00.000Z",1677060300000,13700,13650,13700,25,75,0,0.1,0.4,,3,24900,33200,2138700,,453865000,113710000,340155000,
62345.7,12400,136480000,14436485000,14300005000,29969615000,844166739.1,808938152.2,-21.8,59700,2717.4,0.1,8500,-56600,-768645000,13550,"2023-02-22T10:10:00.000Z",1677060600000,13650,13550,13650,11.5,88.5,0,0.1,1.1,,7.7,65100,73600,2212300,,1000695000,116025000,884670000,
62345.7,17700,208995000,14828270000,14619275000,30696930000,844166739.1,808938152.2,2.1,59700,2717.4,1.2,28900,5300,72515000,13600,"2023-02-22T10:15:00.000Z",1677060900000,13600,13500,13550,53.8,43.9,2.2,0.5,0.4,0.4,0.8,23600,53700,2266000,1200,727315000,391785000,319270000,16260000
62345.7,6100,53055000,15007130000,14954075000,31210590000,844166739.1,808938152.2,-4.4,59700,2717.4,0.5,13200,-11600,-155940000,13500,"2023-02-22T10:20:00.000Z",1677061200000,13550,13500,13550,34.7,65.3,0,0.2,0.4,,1.9,24800,38000,2304000,,513660000,178860000,334800000,
62345.7,2400,3460000,15274430000,15270970000,31794785000,844166739.1,808938152.2,-1.4,59700,2717.4,0.8,19800,-3700,-49595000,13450,"2023-02-22T10:25:00.000Z",1677061500000,13500,13450,13500,45.7,54.3,0,0.3,0.4,,1.2,23500,43300,2347300,,584195000,267300000,316895000,
62345.7,4600,33280000,15336530000,15303250000,31889165000,844166739.1,808938152.2,0.8,59700,2717.4,1.9,4600,2200,29820000,13450,"2023-02-22T10:30:00.000Z",1677061800000,13500,13450,13450,65.7,34.3,0,0.1,0,,0.5,2400,7000,2354300,,94380000,62100000,32280000,
62345.7,-33000,-472090000,15431030000,15903120000,32583535000,844166739.1,808938152.2,-14.3,59700,2717.4,0.2,7000,-37600,-505370000,13450,"2023-02-22T10:35:00.000Z",1677062100000,13500,13450,13450,13.6,86.4,0,0.1,0.7,,6.4,44600,51600,2405900,,694370000,94500000,599870000,
62345.7,-74700,-1031050000,15927185000,16958235000,34134805000,844166739.1,808938152.2,-15.9,59700,2717.4,0.5,37000,-41700,-558960000,13400,"2023-02-22T10:40:00.000Z",1677062400000,13450,13350,13450,32,68,0,0.6,1.3,,2.1,78700,115700,2521600,,1551270000,496155000,1055115000,
62345.7,-70400,-972880000,16298365000,17271245000,34818995000,844166739.1,808938152.2,1.7,59700,2717.4,1.2,27700,4300,58170000,13400,"2023-02-22T10:45:00.000Z",1677062700000,13400,13350,13400,54.2,45.8,0,0.4,0.4,,0.8,23400,51100,2572700,,684190000,371180000,313010000,
62345.7,-45700,-638385000,16944360000,17582745000,35776490000,844166739.1,808938152.2,9.5,59700,2717.4,2.1,47900,24700,334495000,13500,"2023-02-22T10:50:00.000Z",1677063000000,13500,13400,13400,67.4,32.6,0,0.8,0.4,,0.5,23200,71100,2643800,,957495000,645995000,311500000,
62345.7,-60400,-836310000,17003745000,17840055000,36093185000,844166739.1,808938152.2,-5.6,59700,2717.4,0.2,4400,-14700,-197925000,13400,"2023-02-22T10:55:00.000Z",1677063300000,13500,13400,13500,18.7,81.3,0,0.1,0.3,,4.3,19100,23500,2667300,,316695000,59385000,257310000,
62345.7,-119500,-1626370000,17073365000,18699735000,37125665000,844166739.1,808938152.2,-22.4,59700,2717.4,0.1,5200,-59100,-790060000,13350,"2023-02-22T11:00:00.000Z",1677063600000,13450,13350,13400,6.7,83.3,10,0.1,1.1,2.8,12.4,64300,77200,2744500,7700,1032480000,69620000,859680000,103180000
62345.7,-115100,-1567160000,17199325000,18766485000,37318375000,844166739.1,808938152.2,1.7,59700,2717.4,1.9,9400,4400,59210000,13400,"2023-02-22T11:05:00.000Z",1677063900000,13400,13350,13350,65.3,34.7,0,0.2,0.1,,0.5,5000,14400,2758900,,192710000,125960000,66750000,
62345.7,-115000,-1564355000,17554920000,19119275000,38026760000,844166739.1,808938152.2,0.1,59700,2717.4,1,26400,100,2805000,13500,"2023-02-22T11:10:00.000Z",1677064200000,13500,13400,13400,50.1,49.9,0,0.4,0.4,,1,26300,52700,2811600,,708385000,355595000,352790000,
62345.7,-119700,-1627080000,17689785000,19316865000,38359215000,844166739.1,808938152.2,-1.8,59700,2717.4,0.7,10000,-4700,-62725000,13450,"2023-02-22T11:15:00.000Z",1677064500000,13500,13400,13500,40.5,59.5,0,0.2,0.2,,1.5,14700,24700,2836300,,332455000,134865000,197590000,
62345.7,-131600,-1787125000,17692485000,19479610000,38524660000,844166739.1,808938152.2,-4.5,59700,2717.4,0,200,-11900,-160045000,13450,"2023-02-22T11:20:00.000Z",1677064800000,13500,13450,13450,1.6,98.4,0,0,0.2,,60.5,12100,12300,2848600,,165445000,2700000,162745000,
62345.7,-138400,-1877615000,17786635000,19664250000,38803450000,844166739.1,808938152.2,-2.6,59700,2717.4,0.5,7000,-6800,-90490000,13350,"2023-02-22T11:25:00.000Z",1677065100000,13450,13350,13450,33.7,66.3,0,0.1,0.2,,2,13800,20800,2869400,,278790000,94150000,184640000,
62345.7,-146100,-1977480000,18931640000,20909120000,41226575000,844166739.1,808938152.2,-2.8,59700,2717.4,0.9,86100,-7700,-99865000,13300,"2023-02-22T13:00:00.000Z",1677070800000,13400,13200,13400,47.2,51.4,1.4,1.4,1.6,0.9,1.1,93800,182400,3051800,2500,2423125000,1145005000,1244870000,33250000
62345.7,-6500,-104865000,20976910000,21081775000,43444500000,844166739.1,808938152.2,53.2,59700,2717.4,11.8,152500,139600,1872615000,13450,"2023-02-22T13:05:00.000Z",1677071100000,13450,13300,13300,92.2,7.8,0,2.4,0.2,,0.1,12900,165400,3217200,,2217925000,2045270000,172655000,
62345.7,70600,939235000,22680015000,21740780000,45806610000,844166739.1,808938152.2,29.6,59700,2717.4,2.6,126000,77100,1044100000,13550,"2023-02-22T13:10:00.000Z",1677071400000,13550,13450,13450,72,28,0,2,0.8,,0.4,48900,174900,3392100,,2362110000,1703105000,659005000,
62345.7,67800,904050000,23864945000,22960895000,48211655000,844166739.1,808938152.2,-1,59700,2717.4,1,87400,-2800,-35185000,13500,"2023-02-22T13:15:00.000Z",1677071700000,13600,13500,13550,49.2,50.8,0,1.4,1.5,,1,90200,177600,3569700,,2405045000,1184930000,1220115000,
62345.7,15300,198525000,23972880000,23774355000,49133050000,844166739.1,808938152.2,-20,59700,2717.4,0.1,8000,-52500,-705525000,13450,"2023-02-22T13:20:00.000Z",1677072000000,13500,13400,13500,11.7,88.3,0,0.1,1,,7.6,60500,68500,3638200,,921395000,107935000,813460000,
62345.7,-40700,-551540000,24146390000,24697930000,50230135000,844166739.1,808938152.2,-21.3,59700,2717.4,0.2,12900,-56000,-750065000,13450,"2023-02-22T13:25:00.000Z",1677072300000,13500,13350,13450,15.8,84.2,0,0.2,1.2,,5.3,68900,81800,3720000,,1097085000,173510000,923575000,
62345.7,-47700,-645535000,24188240000,24833775000,50407830000,844166739.1,808938152.2,-2.7,59700,2717.4,0.3,3100,-7000,-93995000,13500,"2023-02-22T13:30:00.000Z",1677072600000,13500,13450,13450,23.5,76.5,0,0,0.2,,3.3,10100,13200,3733200,,177695000,41850000,135845000,
62345.7,-12800,-171230000,25336195000,25507425000,52256435000,844166739.1,808938152.2,13.5,59700,2717.4,1.7,84800,34900,474305000,13550,"2023-02-22T13:35:00.000Z",1677072900000,13550,13500,13500,62,36.5,1.5,1.4,0.8,0.7,0.6,49900,136700,3869900,2000,1848605000,1147955000,673650000,27000000
62345.7,127700,1750215000,27666760000,25916545000,54996120000,844166739.1,808938152.2,54.5,59700,2717.4,5.7,170400,140500,1921445000,13700,"2023-02-22T13:40:00.000Z",1677073200000,13750,13550,13600,85.1,14.9,0,2.7,0.5,,0.2,29900,200300,4070200,,2739685000,2330565000,409120000,
62345.7,110100,1513675000,29245460000,27731785000,58390060000,844166739.1,808938152.2,-6.7,59700,2717.4,0.9,114700,-17600,-236540000,13750,"2023-02-22T13:45:00.000Z",1677073500000,13800,13650,13750,46.4,53.6,0,1.8,2.2,,1.2,132300,247000,4317200,,3393940000,1578700000,1815240000,
62345.7,68400,943580000,29402530000,28458950000,59274295000,844166739.1,808938152.2,-16.2,59700,2717.4,0.2,11500,-41700,-570095000,13700,"2023-02-22T13:50:00.000Z",1677073800000,13700,13600,13700,17.8,82.2,0,0.2,0.9,,4.6,53200,64700,4381900,,884235000,157070000,727165000,
62345.7,17500,250260000,29432670000,29182410000,60027895000,844166739.1,808938152.2,-19.7,59700,2717.4,0,2200,-50900,-693320000,13600,"2023-02-22T13:55:00.000Z",1677074100000,13700,13600,13700,4,96,0,0,0.9,,24.1,53100,55300,4437200,,753600000,30140000,723460000,
62345.7,145300,2004920000,31867740000,29862820000,63143375000,844166739.1,808938152.2,49.8,59700,2717.4,3.6,177200,127800,1754660000,13800,"2023-02-22T14:00:00.000Z",1677074400000,13850,13600,13600,78.2,21.8,0,2.8,0.8,,0.3,49400,226600,4663800,,3115480000,2435070000,680410000,
62345.7,207400,2865435000,33597655000,30732220000,65742690000,844166739.1,808938152.2,24.4,59700,2717.4,2,125100,62100,860515000,13800,"2023-02-22T14:05:00.000Z",1677074700000,13850,13800,13800,66.5,33.5,0,2,1.1,,0.5,63000,188100,4851900,,2599315000,1729915000,869400000,
62345.7,69800,980995000,33936785000,32955790000,68305390000,844166739.1,808938152.2,-53.5,59700,2717.4,0.2,24600,-137600,-1884440000,13700,"2023-02-22T14:10:00.000Z",1677075000000,13850,13600,13850,13.2,86.8,0,0.4,2.7,,6.6,162200,186800,5038700,,2562700000,339130000,2223570000,
62345.7,33500,487410000,34199700000,33712290000,69324805000,844166739.1,808938152.2,-14,59700,2717.4,0.3,19200,-36300,-493585000,13700,"2023-02-22T14:15:00.000Z",1677075300000,13700,13600,13700,25.7,74.3,0,0.3,0.9,,2.9,55500,74700,5113400,,1019415000,262915000,756500000,
62345.7,36000,521530000,34692035000,34170505000,70282180000,844166739.1,808938152.2,1,59700,2717.4,1.1,36100,2500,34120000,13650,"2023-02-22T14:20:00.000Z",1677075600000,13700,13600,13700,51.4,47.9,0.7,0.6,0.6,0.2,0.9,33600,70200,5183600,500,957375000,492335000,458215000,6825000
62345.7,-158600,-2093460000,35117695000,37211155000,73975415000,844166739.1,808938152.2,-74.2,59700,2717.4,0.1,31800,-194600,-2614990000,13300,"2023-02-22T14:25:00.000Z",1677075900000,13650,13250,13650,11.6,82.3,6.2,0.5,3.8,6.3,7.1,226400,275200,5458800,17000,3693235000,425660000,3040650000,226925000
62345.7,121700,1620515000,38831670000,37211155000,77689390000,844166739.1,808938152.2,105.4,59700,2717.4,Infinity,280300,280300,3713975000,13250,"2023-02-22T14:45:00.000Z",1677077100000,13250,13250,13250,100,0,0,4.5,,,0,,280300,5739100,,3713975000,3713975000,,
