"abu","acum_busd","acum_busd_val","acum_val_bu","acum_val_sd","acum_val","avg_val_bu","avg_val_sd","rbusd","asd","auk","bs","bu","bu-sd","bu-sd_val","c","date","datetime","h","l","o","pbu","psd","puk","rbu","rsd","ruk","sb","sd","sum_vol","total_vol","uk","val","val_bu","val_sd","val_uk"
92523.9,-36500,-441110000,2245110000,2686220000,5510545000,1145796304.3,1793597608.7,0.7,146269.6,2565.2,0.8,182500,-36500,-441110000,12300,"2023-02-22T09:15:00.000Z",1677057300000,12350,12250,12350,40.7,48.8,10.5,2,1.5,18.3,1.2,219000,448400,448400,46900,5510545000,2245110000,2686220000,579215000
92523.9,-215700,-2638465000,2651700000,5290165000,8533380000,1145796304.3,1793597608.7,3.4,146269.6,2565.2,0.2,33000,-179200,-2197355000,12300,"2023-02-22T09:20:00.000Z",1677057600000,12350,12250,12300,13.4,86.2,0.4,0.4,1.5,0.4,6.4,212200,246200,694600,1000,3022835000,406590000,2603945000,12300000
92523.9,-83900,-1010385000,5267005000,6277390000,12135910000,1145796304.3,1793597608.7,-2.5,146269.6,2565.2,2.6,212100,131800,1628080000,12400,"2023-02-22T09:25:00.000Z",1677057900000,12400,12250,12250,72.5,27.5,0,2.3,0.5,,0.4,80300,292400,987000,,3602530000,2615305000,987225000,
92523.9,-112500,-1359965000,5650745000,7010710000,13252970000,1145796304.3,1793597608.7,0.5,146269.6,2565.2,0.5,31000,-28600,-349580000,12350,"2023-02-22T09:30:00.000Z",1677058200000,12400,12300,12400,34.2,65.8,0,0.3,0.4,,1.9,59600,90600,1077600,,1117060000,383740000,733320000,
92523.9,-140500,-1703165000,5947145000,7650310000,14188970000,1145796304.3,1793597608.7,0.5,146269.6,2565.2,0.5,24000,-28000,-343200000,12300,"2023-02-22T09:35:00.000Z",1677058500000,12350,12300,12300,31.6,68.4,0,0.3,0.4,,2.2,52000,76000,1153600,,936000000,296400000,639600000,
92523.9,-75500,-899960000,7246565000,8146525000,15984605000,1145796304.3,1793597608.7,-1.2,146269.6,2565.2,2.6,105200,65000,803205000,12400,"2023-02-22T09:40:00.000Z",1677058800000,12400,12300,12350,72.4,27.6,0,1.1,0.3,,0.4,40200,145400,1299000,,1795635000,1299420000,496215000,
92523.9,-75900,-904670000,7620785000,8525455000,16737755000,1145796304.3,1793597608.7,0,146269.6,2565.2,1,30300,-400,-4710000,12350,"2023-02-22T09:45:00.000Z",1677059100000,12400,12300,12350,49.7,50.3,0,0.3,0.2,,1,30700,61000,1360000,,753150000,374220000,378930000,
92523.9,-9200,-80840000,8460605000,8541445000,17593565000,1145796304.3,1793597608.7,-1.3,146269.6,2565.2,52.3,68000,66700,823830000,12400,"2023-02-22T09:50:00.000Z",1677059400000,12400,12300,12350,98.1,1.9,0,0.7,0,,0,1300,69300,1429300,,855810000,839820000,15990000,
92523.9,267000,3349765000,12033235000,8683470000,21308220000,1145796304.3,1793597608.7,-5.3,146269.6,2565.2,25,287700,276200,3430605000,12450,"2023-02-22T09:55:00.000Z",1677059700000,12450,12350,12350,96.2,3.8,0,3.1,0.1,,0,11500,299200,1728500,,3714655000,3572630000,142025000,
92523.9,395500,4950065000,14654435000,9704370000,24973975000,1145796304.3,1793597608.7,-2.5,146269.6,2565.2,2.6,210500,128500,1600300000,12450,"2023-02-22T10:00:00.000Z",1677060000000,12500,12450,12450,71.5,27.9,0.6,2.3,0.6,0.7,0.4,82000,294400,2022900,1900,3665755000,2621200000,1020900000,23655000
92523.9,247800,3112450000,14983120000,11870670000,27468960000,1145796304.3,1793597608.7,2.8,146269.6,2565.2,0.2,26300,-147700,-1837615000,12450,"2023-02-22T10:05:00.000Z",1677060300000,12500,12450,12500,13.1,86.9,0,0.3,1.2,,6.6,174000,200300,2223200,,2494985000,328685000,2166300000,
92523.9,347700,4356280000,16733590000,12377310000,29726070000,1145796304.3,1793597608.7,-1.9,146269.6,2565.2,3.5,140600,99900,1243830000,12450,"2023-02-22T10:10:00.000Z",1677060600000,12450,12400,12450,77.6,22.4,0,1.5,0.3,,0.3,40700,181300,2404500,,2257110000,1750470000,506640000,
92523.9,211600,2668815000,16777165000,14108350000,31500685000,1145796304.3,1793597608.7,2.6,146269.6,2565.2,0,3500,-136100,-1687465000,12400,"2023-02-22T10:15:00.000Z",1677060900000,12450,12400,12450,2.4,97.6,0,0,1,,39.9,139600,143100,2547600,,1774615000,43575000,1731040000,
92523.9,148300,1885800000,17405225000,15519425000,33539820000,1145796304.3,1793597608.7,1.2,146269.6,2565.2,0.4,50500,-63300,-783015000,12400,"2023-02-22T10:20:00.000Z",1677061200000,12450,12350,12450,30.7,69.3,0,0.5,0.8,,2.3,113800,164300,2711900,,2039135000,628060000,1411075000,
92523.9,140500,1789215000,17438840000,15649625000,33703635000,1145796304.3,1793597608.7,0.1,146269.6,2565.2,0.3,2700,-7800,-96585000,12450,"2023-02-22T10:25:00.000Z",1677061500000,12450,12400,12450,20.5,79.5,0,0,0.1,,3.9,10500,13200,2725100,,163815000,33615000,130200000,
92523.9,165000,2095310000,18010295000,15914985000,34540450000,1145796304.3,1793597608.7,-0.5,146269.6,2565.2,2.1,45900,24500,306095000,12450,"2023-02-22T10:30:00.000Z",1677061800000,12450,12400,12450,68.2,31.8,0,0.5,0.1,,0.5,21400,67300,2792400,,836815000,571455000,265360000,
92523.9,58500,774880000,18119585000,17344705000,36079460000,1145796304.3,1793597608.7,2,146269.6,2565.2,0.1,8800,-106500,-1320430000,12400,"2023-02-22T10:35:00.000Z",1677062100000,12450,12400,12450,7.1,92.9,0,0.1,0.8,,13.1,115300,124100,2916500,,1539010000,109290000,1429720000,
92523.9,-272500,-3308945000,18559635000,21868580000,41058205000,1145796304.3,1793597608.7,6.3,146269.6,2565.2,0.1,35500,-331000,-4083825000,12350,"2023-02-22T10:40:00.000Z",1677062400000,12400,12300,12400,8.8,90.9,0.3,0.4,2.5,0.5,10.3,366500,403200,3319700,1200,4978745000,440050000,4523875000,14820000
92523.9,-293400,-3566415000,19242975000,22809390000,42682355000,1145796304.3,1793597608.7,0.4,146269.6,2565.2,0.7,55300,-20900,-257470000,12350,"2023-02-22T10:45:00.000Z",1677062700000,12400,12300,12300,42.1,57.9,0,0.6,0.5,,1.4,76200,131500,3451200,,1624150000,683340000,940810000,
92523.9,-312700,-3804570000,19292575000,23097145000,43019710000,1145796304.3,1793597608.7,0.4,146269.6,2565.2,0.2,4000,-19300,-238155000,12350,"2023-02-22T10:50:00.000Z",1677063000000,12400,12350,12400,14.7,85.3,0,0,0.2,,5.8,23300,27300,3478500,,337355000,49600000,287755000,
92523.9,-324800,-3953945000,19307455000,23261400000,43198845000,1145796304.3,1793597608.7,0.2,146269.6,2565.2,0.1,1200,-12100,-149375000,12350,"2023-02-22T10:55:00.000Z",1677063300000,12400,12350,12350,8.3,91.7,0,0,0.1,,11.1,13300,14500,3493000,,179135000,14880000,164255000,
92523.9,-485300,-5934165000,19322335000,25256500000,45208825000,1145796304.3,1793597608.7,3.1,146269.6,2565.2,0,1200,-160500,-1980220000,12300,"2023-02-22T11:00:00.000Z",1677063600000,12400,12300,12350,0.7,99.3,0,0,1.1,,134.8,161700,162900,3655900,,2009980000,14880000,1995100000,
92523.9,-467200,-5710510000,19911430000,25621940000,46163360000,1145796304.3,1793597608.7,-0.3,146269.6,2565.2,1.6,47700,18100,223655000,12350,"2023-02-22T11:05:00.000Z",1677063900000,12350,12300,12300,61.7,38.3,0,0.5,0.2,,0.6,29600,77300,3733200,,954535000,589095000,365440000,
92523.9,-445400,-5441225000,20401780000,25843005000,46874775000,1145796304.3,1793597608.7,-0.4,146269.6,2565.2,2.2,39700,21800,269285000,12400,"2023-02-22T11:10:00.000Z",1677064200000,12400,12350,12350,68.9,31.1,0,0.4,0.1,,0.5,17900,57600,3790800,,711415000,490350000,221065000,
92523.9,-172400,-2055175000,23898150000,25953325000,50481465000,1145796304.3,1793597608.7,-5.2,146269.6,2565.2,31.7,281900,273000,3386050000,12400,"2023-02-22T11:15:00.000Z",1677064500000,12450,12350,12400,96.9,3.1,0,3,0.1,,0,8900,290800,4081600,,3606690000,3496370000,110320000,
92523.9,-169400,-2017925000,25014165000,27032090000,52676245000,1145796304.3,1793597608.7,-0.1,146269.6,2565.2,1,90000,3000,37250000,12400,"2023-02-22T11:20:00.000Z",1677064800000,12450,12350,12400,50.8,49.2,0,1,0.6,,1,87000,177000,4258600,,2194780000,1116015000,1078765000,
92523.9,-241600,-2912540000,25179750000,28092290000,53902030000,1145796304.3,1793597608.7,1.4,146269.6,2565.2,0.2,13300,-72200,-894615000,12450,"2023-02-22T11:25:00.000Z",1677065100000,12450,12400,12400,13.5,86.5,0,0.1,0.6,,6.4,85500,98800,4357400,,1225785000,165585000,1060200000,
92523.9,-245600,-2959530000,28443985000,31403515000,60477490000,1145796304.3,1793597608.7,0.1,146269.6,2565.2,1,264000,-4000,-46990000,12350,"2023-02-22T13:00:00.000Z",1677070800000,12450,12300,12400,49.6,50.4,0,2.9,1.8,,1,268000,532000,4889400,,6575460000,3264235000,3311225000,
92523.9,-137800,-1627775000,30369485000,31997260000,62996735000,1145796304.3,1793597608.7,-2.1,146269.6,2565.2,3.2,155900,107800,1331755000,12350,"2023-02-22T13:05:00.000Z",1677071100000,12400,12300,12300,76.4,23.6,0,1.7,0.3,,0.3,48100,204000,5093400,,2519245000,1925500000,593745000,
92523.9,29800,451570000,33404415000,32952845000,66987250000,1145796304.3,1793597608.7,-3.2,146269.6,2565.2,3.2,245200,167600,2079345000,12350,"2023-02-22T13:10:00.000Z",1677071400000,12400,12300,12350,76,24,0,2.7,0.5,,0.3,77600,322800,5416200,,3990515000,3034930000,955585000,
92523.9,-95200,-1091190000,33649935000,34741125000,69021050000,1145796304.3,1793597608.7,2.4,146269.6,2565.2,0.1,19800,-125000,-1542760000,12350,"2023-02-22T13:15:00.000Z",1677071700000,12400,12350,12350,12,88,0,0.2,1,,7.3,144800,164600,5580800,,2033800000,245520000,1788280000,
92523.9,-135900,-1593830000,33651175000,35245005000,69526170000,1145796304.3,1793597608.7,0.8,146269.6,2565.2,0,100,-40700,-502640000,12350,"2023-02-22T13:20:00.000Z",1677072000000,12400,12350,12350,0.2,99.8,0,0,0.3,,408,40800,40900,5621700,,505120000,1240000,503880000,
92523.9,-129200,-1509850000,33957455000,35467305000,70054750000,1145796304.3,1793597608.7,-0.1,146269.6,2565.2,1.4,24700,6700,83980000,12350,"2023-02-22T13:25:00.000Z",1677072300000,12400,12350,12350,57.8,42.2,0,0.3,0.1,,0.7,18000,42700,5664400,,528580000,306280000,222300000,
92523.9,-491700,-5977840000,34490435000,40468275000,75594850000,1145796304.3,1793597608.7,6.9,146269.6,2565.2,0.1,43300,-362500,-4467990000,12300,"2023-02-22T13:30:00.000Z",1677072600000,12400,12300,12350,9.6,90.3,0.1,0.5,2.8,0.2,9.4,405800,449600,6114000,500,5540100000,532980000,5000970000,6150000
92523.9,-508700,-6185455000,34954150000,41139605000,76729895000,1145796304.3,1793597608.7,0.3,146269.6,2565.2,0.7,37600,-17000,-207615000,12350,"2023-02-22T13:35:00.000Z",1677072900000,12350,12250,12250,40.8,59.2,0,0.4,0.4,,1.5,54600,92200,6206200,,1135045000,463715000,671330000,
92523.9,-233300,-2781505000,39039530000,41821035000,81496705000,1145796304.3,1793597608.7,-5.3,146269.6,2565.2,6,330800,275400,3403950000,12350,"2023-02-22T13:40:00.000Z",1677073200000,12350,12300,12350,85.7,14.3,0,3.6,0.4,,0.2,55400,386200,6592400,,4766810000,4085380000,681430000,
92523.9,10000,242440000,42459960000,42217520000,85313620000,1145796304.3,1793597608.7,-4.7,146269.6,2565.2,8.6,275400,243300,3023945000,12450,"2023-02-22T13:45:00.000Z",1677073500000,12450,12350,12400,89.6,10.4,0,3,0.2,,0.1,32100,307500,6899900,,3816915000,3420430000,396485000,
92523.9,-65900,-694550000,44489955000,45184505000,90310600000,1145796304.3,1793597608.7,1.4,146269.6,2565.2,0.7,163400,-75900,-936990000,12400,"2023-02-22T13:50:00.000Z",1677073800000,12450,12350,12400,40.6,59.4,0,1.8,1.6,,1.5,239300,402700,7302600,,4996980000,2029995000,2966985000,
92523.9,-102300,-1144340000,44623885000,45768225000,91028250000,1145796304.3,1793597608.7,0.7,146269.6,2565.2,0.2,10800,-36400,-449790000,12400,"2023-02-22T13:55:00.000Z",1677074100000,12450,12350,12400,18.6,81.4,0,0.1,0.3,,4.4,47200,58000,7360600,,717650000,133930000,583720000,
92523.9,-13300,-38445000,45796570000,45835015000,92267725000,1145796304.3,1793597608.7,-1.7,146269.6,2565.2,17.5,94400,89000,1105895000,12450,"2023-02-22T14:00:00.000Z",1677074400000,12450,12350,12400,94.6,5.4,0,1,0,,0.1,5400,99800,7460400,,1239475000,1172685000,66790000,
92523.9,119900,1620950000,48184715000,46563765000,95434420000,1145796304.3,1793597608.7,-2.6,146269.6,2565.2,3.3,191800,133200,1659395000,12450,"2023-02-22T14:05:00.000Z",1677074700000,12500,12400,12450,75.4,23,1.6,2.1,0.4,1.6,0.3,58600,254400,7714800,4000,3166695000,2388145000,728750000,49800000
92523.9,-103900,-1157385000,48340220000,49497605000,98534925000,1145796304.3,1793597608.7,4.3,146269.6,2565.2,0.1,12500,-223800,-2778335000,12350,"2023-02-22T14:10:00.000Z",1677075000000,12450,12350,12450,5,94.6,0.4,0.1,1.6,0.4,18.9,236300,249700,7964500,900,3100505000,155505000,2933840000,11160000
92523.9,-225400,-2657765000,49399995000,52057760000,102154855000,1145796304.3,1793597608.7,2.3,146269.6,2565.2,0.4,85800,-121500,-1500380000,12350,"2023-02-22T14:15:00.000Z",1677075300000,12400,12350,12350,29.3,70.7,0,0.9,1.4,,2.4,207300,293100,8257600,,3619930000,1059775000,2560155000,
92523.9,-352800,-4217685000,51667835000,55885520000,108250455000,1145796304.3,1793597608.7,2.4,146269.6,2565.2,0.6,183800,-127400,-1559920000,12350,"2023-02-22T14:20:00.000Z",1677075600000,12350,12300,12350,37.1,62.9,0,2,2.1,,1.7,311200,495000,8752600,,6095600000,2267840000,3827760000,
92523.9,-989000,-11999260000,52706630000,64705890000,118864220000,1145796304.3,1793597608.7,12,146269.6,2565.2,0.1,84400,-636200,-7781575000,12200,"2023-02-22T14:25:00.000Z",1677075900000,12400,12200,12350,9.7,83.2,7.1,0.9,4.9,24,8.5,720600,866600,9619200,61600,10613765000,1038795000,8820370000,754600000
92523.9,-2472300,-29798860000,52706630000,82505490000,136663820000,1145796304.3,1793597608.7,27.5,146269.6,2565.2,0,,-1483300,-17799600000,12000,"2023-02-22T14:45:00.000Z",1677077100000,12000,12000,12000,0,100,0,,10.1,,Infinity,1483300,1483300,11102500,,17799600000,,17799600000,
