"abu","acum_busd","acum_busd_val","acum_val_bu","acum_val_sd","acum_val","avg_val_bu","avg_val_sd","rbusd","asd","auk","bs","bu","bu-sd","bu-sd_val","c","date","datetime","h","l","o","pbu","psd","puk","rbu","rsd","ruk","sb","sd","sum_vol","total_vol","uk","val","val_bu","val_sd","val_uk"
99055.3,384300,2739760000,3864959000,1125199000,8071029000,706672893.6,1100515829.8,-7,154900,13723.4,3.4,542700,384300,2739760000,7200,"2023-02-22T09:15:00.000Z",1677057300000,7210,7050,7050,47.7,13.9,38.4,5.5,1,31.8,0.3,158400,1138100,1138100,437000,8071029000,3864959000,1125199000,3080871000
99055.3,218500,1560860000,5258100000,3697240000,12039766000,706672893.6,1100515829.8,3,154900,13723.4,0.5,194500,-165800,-1178900000,7110,"2023-02-22T09:20:00.000Z",1677057600000,7200,7100,7190,35,64.9,0.1,2,2.3,0,1.9,360300,555300,1693400,500,3968737000,1393141000,2572041000,3555000
99055.3,592800,4235217000,8777368000,4542151000,16405365000,706672893.6,1100515829.8,-6.8,154900,13723.4,4.2,492700,374300,2674357000,7180,"2023-02-22T09:25:00.000Z",1677057900000,7190,7090,7110,80.6,19.4,0,5,0.8,0,0.2,118400,611300,2304700,200,4365599000,3519268000,844911000,1420000
99055.3,362800,2590025000,9481745000,6891720000,19459311000,706672893.6,1100515829.8,4.2,154900,13723.4,0.3,98200,-230000,-1645192000,7150,"2023-02-22T09:30:00.000Z",1677058200000,7180,7150,7180,23,77,0,1,2.1,,3.3,328200,426400,2731100,,3053946000,704377000,2349569000,
99055.3,357100,2549744000,9889982000,7340238000,20380326000,706672893.6,1100515829.8,0.1,154900,13723.4,0.9,57100,-5700,-40281000,7150,"2023-02-22T09:35:00.000Z",1677058500000,7160,7130,7160,44.3,48.7,7,0.6,0.4,0.7,1.1,62800,128900,2860000,9000,921015000,408237000,448518000,64260000
99055.3,211000,1506910000,10428476000,8921566000,22500148000,706672893.6,1100515829.8,2.6,154900,13723.4,0.3,75400,-146100,-1042834000,7140,"2023-02-22T09:40:00.000Z",1677058800000,7160,7130,7150,25.4,74.6,0,0.8,1.4,,2.9,221500,296900,3156900,,2119822000,538494000,1581328000,
99055.3,-126100,-886407000,11423429000,12309836000,26901841000,706672893.6,1100515829.8,6.1,154900,13723.4,0.3,139900,-337100,-2393317000,7080,"2023-02-22T09:45:00.000Z",1677059100000,7140,7080,7140,22.6,77,0.4,1.4,3.1,0.2,3.4,477000,619500,3776400,2600,4401693000,994953000,3388270000,18470000
99055.3,-39800,-273304000,12425763000,12699067000,28293406000,706672893.6,1100515829.8,-1.6,154900,13723.4,2.6,141200,86300,613103000,7120,"2023-02-22T09:50:00.000Z",1677059400000,7120,7080,7090,72,28,0,1.4,0.4,,0.4,54900,196100,3972500,,1391565000,1002334000,389231000,
99055.3,118000,851028000,13746216000,12895188000,29809980000,706672893.6,1100515829.8,-2.9,154900,13723.4,6.7,185300,157800,1124332000,7140,"2023-02-22T09:55:00.000Z",1677059700000,7150,7120,7120,87.1,12.9,0,1.9,0.2,,0.1,27500,212800,4185300,,1516574000,1320453000,196121000,
99055.3,-209700,-1478838000,14321587000,15800425000,33846881000,706672893.6,1100515829.8,5.9,154900,13723.4,0.2,80500,-327700,-2329866000,7160,"2023-02-22T10:00:00.000Z",1677060000000,7160,7080,7140,14.2,72,13.8,0.8,2.6,5.7,5.1,408200,566800,4752100,78100,4036901000,575371000,2905237000,556293000
99055.3,8600,87476000,16041644000,15954168000,35720681000,706672893.6,1100515829.8,-4,154900,13723.4,11.2,239700,218300,1566314000,7200,"2023-02-22T10:05:00.000Z",1677060300000,7200,7150,7150,91.8,8.2,0,2.4,0.1,,0.1,21400,261100,5013200,,1873800000,1720057000,153743000,
99055.3,-79800,-545895000,16188843000,16734738000,36657078000,706672893.6,1100515829.8,1.6,154900,13723.4,0.2,20500,-88400,-633371000,7160,"2023-02-22T10:10:00.000Z",1677060600000,7200,7160,7200,15.7,83.4,0.9,0.2,0.7,0.1,5.3,108900,130600,5143800,1200,936397000,147199000,780570000,8628000
99055.3,-236900,-1667142000,16356853000,18023995000,38117920000,706672893.6,1100515829.8,2.8,154900,13723.4,0.1,23500,-157100,-1121247000,7130,"2023-02-22T10:15:00.000Z",1677060900000,7160,7110,7160,11.5,88.3,0.2,0.2,1.2,0,7.7,180600,204600,5348400,500,1460842000,168010000,1289257000,3575000
99055.3,-194400,-1363367000,16898196000,18261563000,38933907000,706672893.6,1100515829.8,-0.8,154900,13723.4,2.3,75800,42500,303775000,7140,"2023-02-22T10:20:00.000Z",1677061200000,7150,7120,7120,66.3,29.1,4.5,0.8,0.2,0.4,0.4,33300,114300,5462700,5200,815987000,541343000,237568000,37076000
99055.3,-168100,-1175472000,17170947000,18346419000,39291514000,706672893.6,1100515829.8,-0.5,154900,13723.4,3.2,38200,26300,187895000,7150,"2023-02-22T10:25:00.000Z",1677061500000,7150,7130,7140,76.2,23.8,0,0.4,0.1,,0.3,11900,50100,5512800,,357607000,272751000,84856000,
99055.3,-219500,-1541959000,17403999000,18945958000,40124819000,706672893.6,1100515829.8,0.9,154900,13723.4,0.4,32600,-51400,-366487000,7140,"2023-02-22T10:30:00.000Z",1677061800000,7150,7130,7150,27.9,72,0.1,0.3,0.5,0,2.6,84000,116700,5629500,100,833305000,233052000,599539000,714000
99055.3,-825000,-5840916000,17491798000,23332714000,44599374000,706672893.6,1100515829.8,10.9,154900,13723.4,0,12300,-605500,-4298957000,7060,"2023-02-22T10:35:00.000Z",1677062100000,7140,7060,7140,2,98,0,0.1,4,,50.2,617800,630100,6259600,,4474555000,87799000,4386756000,
99055.3,-1124200,-7951536000,17574864000,25526400000,46895244000,706672893.6,1100515829.8,5.4,154900,13723.4,0,11700,-299200,-2110620000,7090,"2023-02-22T10:40:00.000Z",1677062400000,7120,7050,7060,3.6,95.6,0.8,0.1,2,0.2,26.6,310900,325300,6584900,2700,2295870000,83066000,2193686000,19118000
99055.3,-1280200,-9051891000,18195712000,27247603000,49281962000,706672893.6,1100515829.8,2.8,154900,13723.4,0.4,87600,-156000,-1100355000,7060,"2023-02-22T10:45:00.000Z",1677062700000,7100,7050,7090,26,72.2,1.9,0.9,1.6,0.5,2.8,243600,337500,6922400,6300,2386718000,620848000,1721203000,44667000
99055.3,-1270300,-8981817000,18703444000,27685261000,50227352000,706672893.6,1100515829.8,-0.2,154900,13723.4,1.2,71800,9900,70074000,7090,"2023-02-22T10:50:00.000Z",1677063000000,7090,7060,7060,53.7,46.3,0,0.7,0.4,,0.9,61900,133700,7056100,,945390000,507732000,437658000,
99055.3,-1258600,-8898480000,19123971000,28022451000,50985069000,706672893.6,1100515829.8,-0.2,154900,13723.4,1.2,59300,11700,83337000,7100,"2023-02-22T10:55:00.000Z",1677063300000,7100,7080,7090,55.5,44.5,0,0.6,0.3,,0.8,47600,106900,7163000,,757717000,420527000,337190000,
99055.3,-1268700,-8969621000,19427328000,28396949000,51662924000,706672893.6,1100515829.8,0.2,154900,13723.4,0.8,42800,-10100,-71141000,7080,"2023-02-22T11:00:00.000Z",1677063600000,7100,7070,7100,44.7,55.3,0,0.4,0.3,,1.2,52900,95700,7258700,,677855000,303357000,374498000,
99055.3,-1385600,-9797134000,19497488000,29294622000,52630757000,706672893.6,1100515829.8,2.1,154900,13723.4,0.1,9900,-116900,-827513000,7080,"2023-02-22T11:05:00.000Z",1677063900000,7090,7070,7090,7.2,92.8,0,0.1,0.8,,12.8,126800,136700,7395400,,967833000,70160000,897673000,
99055.3,-1426000,-10082908000,19644858000,29727766000,53211271000,706672893.6,1100515829.8,0.7,154900,13723.4,0.3,20800,-40400,-285774000,7090,"2023-02-22T11:10:00.000Z",1677064200000,7090,7070,7080,25.4,74.6,0,0.2,0.4,,2.9,61200,82000,7477400,,580514000,147370000,433144000,
99055.3,-1376600,-9732505000,20414939000,30147444000,54401030000,706672893.6,1100515829.8,-0.9,154900,13723.4,1.8,108600,49400,350403000,7090,"2023-02-22T11:15:00.000Z",1677064500000,7100,7080,7090,64.7,35.3,0,1.1,0.4,,0.5,59200,167800,7645200,,1189759000,770081000,419678000,
99055.3,-1289500,-9114062000,21169686000,30283748000,55292081000,706672893.6,1100515829.8,-1.6,154900,13723.4,5.5,106300,87100,618443000,7110,"2023-02-22T11:20:00.000Z",1677064800000,7110,7090,7090,84.7,15.3,0,1.1,0.1,,0.2,19200,125500,7770700,,891051000,754747000,136304000,
99055.3,-1396200,-9870157000,21268945000,31139102000,56246694000,706672893.6,1100515829.8,1.9,154900,13723.4,0.1,14000,-106700,-756095000,7080,"2023-02-22T11:25:00.000Z",1677065100000,7110,7080,7110,10.4,89.6,0,0.1,0.8,,8.6,120700,134700,7905400,,954613000,99259000,855354000,
99055.3,-1530800,-10817836000,22103851000,32921687000,59434785000,706672893.6,1100515829.8,2.4,154900,13723.4,0.5,118200,-134600,-947679000,7040,"2023-02-22T13:00:00.000Z",1677070800000,7080,7030,7060,26.2,55.9,17.9,1.2,1.6,5.9,2.1,252800,451900,8357300,80900,3188091000,834906000,1782585000,570600000
99055.3,-1600700,-11308777000,23084942000,34393719000,61887908000,706672893.6,1100515829.8,1.2,154900,13723.4,0.7,139300,-69900,-490941000,7070,"2023-02-22T13:05:00.000Z",1677071100000,7070,7020,7040,40,60,0,1.4,1.4,,1.5,209200,348500,8705800,,2453123000,981091000,1472032000,
99055.3,-1547300,-10931034000,23786227000,34717261000,62919815000,706672893.6,1100515829.8,-1,154900,13723.4,2.2,99100,53400,377743000,7100,"2023-02-22T13:10:00.000Z",1677071400000,7100,7070,7070,68,31.3,0.7,1,0.3,0.1,0.5,45700,145800,8851600,1000,1031907000,701285000,323542000,7080000
99055.3,-1409900,-9947209000,25641988000,35589197000,65650376000,706672893.6,1100515829.8,-2.5,154900,13723.4,2.1,259800,137400,983825000,7140,"2023-02-22T13:15:00.000Z",1677071700000,7170,7100,7100,67.9,32,0.1,2.6,0.8,0,0.5,122400,382600,9234200,400,2730561000,1855761000,871936000,2864000
99055.3,-1440600,-10165039000,25884582000,36049621000,66356234000,706672893.6,1100515829.8,0.6,154900,13723.4,0.5,34100,-30700,-217830000,7130,"2023-02-22T13:20:00.000Z",1677072000000,7140,7080,7130,34.3,65.3,0.4,0.3,0.4,0,1.9,64800,99300,9333500,400,705858000,242594000,460424000,2840000
99055.3,-1424100,-10047753000,26147567000,36195320000,66764918000,706672893.6,1100515829.8,-0.3,154900,13723.4,1.8,37000,16500,117286000,7100,"2023-02-22T13:25:00.000Z",1677072300000,7120,7100,7120,64.3,35.7,0,0.4,0.1,,0.6,20500,57500,9391000,,408684000,262985000,145699000,
99055.3,-1413000,-9968912000,26697848000,36666760000,67786639000,706672893.6,1100515829.8,-0.2,154900,13723.4,1.2,77500,11100,78841000,7100,"2023-02-22T13:30:00.000Z",1677072600000,7110,7100,7100,53.9,46.1,0,0.8,0.4,,0.9,66400,143900,9534900,,1021721000,550281000,471440000,
99055.3,-1405900,-9917709000,27385052000,37302761000,69109844000,706672893.6,1100515829.8,-0.1,154900,13723.4,1.1,96600,7100,51203000,7120,"2023-02-22T13:35:00.000Z",1677072900000,7130,7100,7110,51.9,48.1,0,1,0.6,,0.9,89500,186100,9721000,,1323205000,687204000,636001000,
99055.3,-1387100,-9782650000,27831378000,37614028000,69867437000,706672893.6,1100515829.8,-0.3,154900,13723.4,1.4,62500,18800,135059000,7150,"2023-02-22T13:40:00.000Z",1677073200000,7150,7110,7120,58.9,41.1,0,0.6,0.3,,0.7,43700,106200,9827200,,757593000,446326000,311267000,
99055.3,-1227700,-8635807000,29938010000,38573817000,72933858000,706672893.6,1100515829.8,-2.9,154900,13723.4,2.2,292700,159400,1146843000,7230,"2023-02-22T13:45:00.000Z",1677073500000,7240,7150,7150,68.7,31.3,0,3,0.9,,0.5,133300,426000,10253200,,3066421000,2106632000,959789000,
99055.3,-1284600,-9045084000,30183904000,39228988000,73862958000,706672893.6,1100515829.8,1,154900,13723.4,0.4,34300,-56900,-409277000,7160,"2023-02-22T13:50:00.000Z",1677073800000,7230,7150,7210,26.5,70.5,3,0.3,0.6,0.3,2.7,91200,129400,10382600,3900,929100000,245894000,655171000,28035000
99055.3,-1380300,-9728603000,30372616000,40101219000,74954689000,706672893.6,1100515829.8,1.7,154900,13723.4,0.2,26400,-95700,-683519000,7120,"2023-02-22T13:55:00.000Z",1677074100000,7170,7120,7160,17.3,79.9,2.8,0.3,0.8,0.3,4.6,122100,152800,10535400,4300,1091731000,188712000,872231000,30788000
99055.3,-1332000,-9381005000,31111175000,40492180000,76084209000,706672893.6,1100515829.8,-0.9,154900,13723.4,1.9,103000,48300,347598000,7190,"2023-02-22T14:00:00.000Z",1677074400000,7200,7110,7120,65.3,34.7,0,1,0.4,,0.5,54700,157700,10693100,,1129520000,738559000,390961000,
99055.3,-1227100,-8622104000,32156095000,40778199000,77415148000,706672893.6,1100515829.8,-1.9,154900,13723.4,3.6,144500,104900,758901000,7270,"2023-02-22T14:05:00.000Z",1677074700000,7270,7190,7190,78.5,21.5,0,1.5,0.3,,0.3,39600,184100,10877200,,1330939000,1044920000,286019000,
99055.3,-1393200,-9818585000,32464424000,42283009000,79228287000,706672893.6,1100515829.8,3,154900,13723.4,0.2,42600,-166100,-1196481000,7160,"2023-02-22T14:10:00.000Z",1677075000000,7280,7150,7270,17,83,0,0.4,1.3,,4.9,208700,251300,11128500,,1813139000,308329000,1504810000,
99055.3,-1421000,-10017704000,32609285000,42626989000,79717128000,706672893.6,1100515829.8,0.5,154900,13723.4,0.4,20200,-27800,-199119000,7160,"2023-02-22T14:15:00.000Z",1677075300000,7180,7150,7150,29.6,70.4,0,0.2,0.3,,2.4,48000,68200,11196700,,488841000,144861000,343980000,
99055.3,-1505700,-10622700000,32868655000,43491355000,80840864000,706672893.6,1100515829.8,1.5,154900,13723.4,0.3,36300,-84700,-604996000,7140,"2023-02-22T14:20:00.000Z",1677075600000,7170,7120,7160,23.1,76.9,0,0.4,0.8,,3.3,121000,157300,11354000,,1123736000,259370000,864366000,
99055.3,-1783400,-12595279000,33213626000,45808905000,83579141000,706672893.6,1100515829.8,5,154900,13723.4,0.1,48600,-277700,-1972579000,7070,"2023-02-22T14:25:00.000Z",1677075900000,7140,7070,7140,12.6,84.6,2.8,0.5,2.1,0.8,6.7,326300,385600,11739600,10700,2738277000,344971000,2317550000,75756000
99055.3,-1803400,-12736879000,33213626000,45950505000,83720741000,706672893.6,1100515829.8,0.4,154900,13723.4,0,,-20000,-141600000,7080,"2023-02-22T14:30:00.000Z",1677076200000,7080,7080,7080,0,100,0,,0.1,,Infinity,20000,20000,11759600,,141600000,,141600000,
99055.3,-2624700,-18510618000,33213626000,51724244000,89494480000,706672893.6,1100515829.8,14.7,154900,13723.4,0,,-821300,-5773739000,7030,"2023-02-22T14:45:00.000Z",1677077100000,7030,7030,7030,0,100,0,,5.3,,Infinity,821300,821300,12580900,,5773739000,,5773739000,
